           1 -0.50000000000000000      -0.47942553860420301     
           2   0.0000000000000000        0.0000000000000000     
           3  0.50000000000000000       0.47942553860420301     
           4  0.25000000000000000       0.24740395925452294     
           5  0.12500000000000000       0.12467473338522769     
           6   6.2500000000000000E-002   6.2459317842380201E-002
           7   3.1250000000000000E-002   3.1244913985326080E-002
           8   1.5625000000000000E-002   1.5624364224883372E-002
           9   7.8125000000000000E-003   7.8124205273828315E-003
          10   3.9062500000000000E-003   3.9062400659001166E-003
          11   1.9531250000000000E-003   1.9531237582368040E-003
          12   9.7656250000000000E-004   9.7656234477957831E-004
          13   4.8828125000000000E-004   4.8828123059744660E-004
          14   2.4414062500000000E-004   2.4414062257468080E-004
          15   1.2207031250000000E-004   1.2207031219683510E-004
          16   6.1035156250000000E-005   6.1035156212104390E-005
          17   3.0517578125000000E-005   3.0517578120263050E-005
          18   1.5258789062500000E-005   1.5258789061907882E-005
          19   7.6293945312500000E-006   7.6293945311759854E-006
          20   3.8146972656250000E-006   3.8146972656157483E-006
          21   1.9073486328125000E-006   1.9073486328113436E-006
          22   9.5367431640625000E-007   9.5367431640610548E-007
          23   4.7683715820312500E-007   4.7683715820310695E-007
          24   2.3841857910156250E-007   2.3841857910156025E-007
          25   1.1920928955078125E-007   1.1920928955078097E-007
          26   5.9604644775390625E-008   5.9604644775390592E-008
          27   2.9802322387695312E-008   2.9802322387695309E-008
          28   1.4901161193847656E-008   1.4901161193847656E-008
          29   7.4505805969238281E-009   7.4505805969238281E-009
          30   3.7252902984619141E-009   3.7252902984619141E-009
          31   1.8626451492309570E-009   1.8626451492309570E-009
          32   9.3132257461547852E-010   9.3132257461547852E-010
          33   4.6566128730773926E-010   4.6566128730773926E-010
          34   2.3283064365386963E-010   2.3283064365386963E-010
          35   1.1641532182693481E-010   1.1641532182693481E-010
          36   5.8207660913467407E-011   5.8207660913467407E-011
          37   2.9103830456733704E-011   2.9103830456733704E-011
          38   1.4551915228366852E-011   1.4551915228366852E-011
          39   7.2759576141834259E-012   7.2759576141834259E-012
          40   3.6379788070917130E-012   3.6379788070917130E-012
          41   1.8189894035458565E-012   1.8189894035458565E-012
