  0.000000E+00  0.000000E+00  0.000000E+00
  0.100000E-02  0.100000E-01  0.100000E-01
  0.200000E-02  0.199999E-01  0.199999E-01
  0.300000E-02  0.299996E-01  0.299996E-01
  0.400000E-02  0.399991E-01  0.399990E-01
  0.500000E-02  0.499982E-01  0.499980E-01
  0.600000E-02  0.599968E-01  0.599965E-01
  0.700000E-02  0.699950E-01  0.699944E-01
  0.800000E-02  0.799924E-01  0.799916E-01
  0.900000E-02  0.899892E-01  0.899880E-01
  0.100000E-01  0.999851E-01  0.999835E-01
  0.110000E-01  0.109980E+00  0.109978E+00
  0.120000E-01  0.119974E+00  0.119971E+00
  0.130000E-01  0.129967E+00  0.129964E+00
  0.140000E-01  0.139959E+00  0.139955E+00
  0.150000E-01  0.149950E+00  0.149944E+00
  0.160000E-01  0.159939E+00  0.159932E+00
  0.170000E-01  0.169927E+00  0.169918E+00
  0.180000E-01  0.179913E+00  0.179903E+00
  0.190000E-01  0.189897E+00  0.189886E+00
  0.200000E-01  0.199880E+00  0.199867E+00
  0.210000E-01  0.209861E+00  0.209846E+00
  0.220000E-01  0.219841E+00  0.219823E+00
  0.230000E-01  0.229818E+00  0.229798E+00
  0.240000E-01  0.239793E+00  0.239770E+00
  0.250000E-01  0.249766E+00  0.249740E+00
  0.260000E-01  0.259737E+00  0.259708E+00
  0.270000E-01  0.269705E+00  0.269673E+00
  0.280000E-01  0.279671E+00  0.279635E+00
  0.290000E-01  0.289635E+00  0.289594E+00
  0.300000E-01  0.299596E+00  0.299551E+00
  0.310000E-01  0.309554E+00  0.309504E+00
  0.320000E-01  0.319509E+00  0.319455E+00
  0.330000E-01  0.329462E+00  0.329402E+00
  0.340000E-01  0.339411E+00  0.339346E+00
  0.350000E-01  0.349358E+00  0.349286E+00
  0.360000E-01  0.359301E+00  0.359223E+00
  0.370000E-01  0.369241E+00  0.369157E+00
  0.380000E-01  0.379178E+00  0.379087E+00
  0.390000E-01  0.389111E+00  0.389013E+00
  0.400000E-01  0.399041E+00  0.398935E+00
  0.410000E-01  0.408968E+00  0.408853E+00
  0.420000E-01  0.418890E+00  0.418767E+00
  0.430000E-01  0.428809E+00  0.428677E+00
  0.440000E-01  0.438724E+00  0.438582E+00
  0.450000E-01  0.448635E+00  0.448484E+00
  0.460000E-01  0.458542E+00  0.458380E+00
  0.470000E-01  0.468445E+00  0.468272E+00
  0.480000E-01  0.478344E+00  0.478160E+00
  0.490000E-01  0.488238E+00  0.488042E+00
  0.500000E-01  0.498128E+00  0.497920E+00
  0.510000E-01  0.508013E+00  0.507793E+00
  0.520000E-01  0.517894E+00  0.517661E+00
  0.530000E-01  0.527770E+00  0.527523E+00
  0.540000E-01  0.537642E+00  0.537380E+00
  0.550000E-01  0.547509E+00  0.547232E+00
  0.560000E-01  0.557370E+00  0.557079E+00
  0.570000E-01  0.567227E+00  0.566919E+00
  0.580000E-01  0.577079E+00  0.576755E+00
  0.590000E-01  0.586925E+00  0.586584E+00
  0.600000E-01  0.596766E+00  0.596407E+00
  0.610000E-01  0.606602E+00  0.606225E+00
  0.620000E-01  0.616432E+00  0.616037E+00
  0.630000E-01  0.626257E+00  0.625842E+00
  0.640000E-01  0.636076E+00  0.635641E+00
  0.650000E-01  0.645889E+00  0.645434E+00
  0.660000E-01  0.655697E+00  0.655220E+00
  0.670000E-01  0.665499E+00  0.665000E+00
  0.680000E-01  0.675294E+00  0.674773E+00
  0.690000E-01  0.685084E+00  0.684539E+00
  0.700000E-01  0.694867E+00  0.694298E+00
  0.710000E-01  0.704645E+00  0.704051E+00
  0.720000E-01  0.714415E+00  0.713796E+00
  0.730000E-01  0.724180E+00  0.723535E+00
  0.740000E-01  0.733938E+00  0.733266E+00
  0.750000E-01  0.743689E+00  0.742990E+00
  0.760000E-01  0.753434E+00  0.752706E+00
  0.770000E-01  0.763171E+00  0.762415E+00
  0.780000E-01  0.772902E+00  0.772116E+00
  0.790000E-01  0.782626E+00  0.781810E+00
  0.800000E-01  0.792343E+00  0.791495E+00
  0.810000E-01  0.802053E+00  0.801173E+00
  0.820000E-01  0.811756E+00  0.810843E+00
  0.830000E-01  0.821451E+00  0.820504E+00
  0.840000E-01  0.831139E+00  0.830158E+00
  0.850000E-01  0.840819E+00  0.839803E+00
  0.860000E-01  0.850492E+00  0.849440E+00
  0.870000E-01  0.860157E+00  0.859068E+00
  0.880000E-01  0.869815E+00  0.868687E+00
  0.890000E-01  0.879464E+00  0.878298E+00
  0.900000E-01  0.889106E+00  0.887901E+00
  0.910000E-01  0.898740E+00  0.897494E+00
  0.920000E-01  0.908365E+00  0.907078E+00
  0.930000E-01  0.917983E+00  0.916653E+00
  0.940000E-01  0.927592E+00  0.926219E+00
  0.950000E-01  0.937193E+00  0.935776E+00
  0.960000E-01  0.946785E+00  0.945324E+00
  0.970000E-01  0.956369E+00  0.954862E+00
  0.980000E-01  0.965944E+00  0.964390E+00
  0.990000E-01  0.975511E+00  0.973909E+00
  0.100000E+00  0.985069E+00  0.983418E+00
  0.101000E+00  0.994618E+00  0.992917E+00
  0.102000E+00  0.100416E+01  0.100241E+01
  0.103000E+00  0.101369E+01  0.101189E+01
  0.104000E+00  0.102321E+01  0.102136E+01
  0.105000E+00  0.103272E+01  0.103081E+01
  0.106000E+00  0.104223E+01  0.104026E+01
  0.107000E+00  0.105172E+01  0.104970E+01
  0.108000E+00  0.106120E+01  0.105913E+01
  0.109000E+00  0.107068E+01  0.106855E+01
  0.110000E+00  0.108015E+01  0.107795E+01
  0.111000E+00  0.108960E+01  0.108735E+01
  0.112000E+00  0.109905E+01  0.109673E+01
  0.113000E+00  0.110848E+01  0.110611E+01
  0.114000E+00  0.111791E+01  0.111547E+01
  0.115000E+00  0.112732E+01  0.112482E+01
  0.116000E+00  0.113673E+01  0.113416E+01
  0.117000E+00  0.114613E+01  0.114349E+01
  0.118000E+00  0.115551E+01  0.115281E+01
  0.119000E+00  0.116488E+01  0.116211E+01
  0.120000E+00  0.117425E+01  0.117141E+01
  0.121000E+00  0.118360E+01  0.118069E+01
  0.122000E+00  0.119295E+01  0.118996E+01
  0.123000E+00  0.120228E+01  0.119922E+01
  0.124000E+00  0.121160E+01  0.120847E+01
  0.125000E+00  0.122091E+01  0.121770E+01
  0.126000E+00  0.123021E+01  0.122693E+01
  0.127000E+00  0.123950E+01  0.123614E+01
  0.128000E+00  0.124878E+01  0.124533E+01
  0.129000E+00  0.125804E+01  0.125452E+01
  0.130000E+00  0.126730E+01  0.126369E+01
  0.131000E+00  0.127654E+01  0.127285E+01
  0.132000E+00  0.128577E+01  0.128200E+01
  0.133000E+00  0.129499E+01  0.129114E+01
  0.134000E+00  0.130420E+01  0.130026E+01
  0.135000E+00  0.131340E+01  0.130937E+01
  0.136000E+00  0.132258E+01  0.131846E+01
  0.137000E+00  0.133176E+01  0.132755E+01
  0.138000E+00  0.134092E+01  0.133662E+01
  0.139000E+00  0.135007E+01  0.134567E+01
  0.140000E+00  0.135920E+01  0.135471E+01
  0.141000E+00  0.136833E+01  0.136374E+01
  0.142000E+00  0.137744E+01  0.137276E+01
  0.143000E+00  0.138654E+01  0.138176E+01
  0.144000E+00  0.139563E+01  0.139075E+01
  0.145000E+00  0.140470E+01  0.139972E+01
  0.146000E+00  0.141377E+01  0.140868E+01
  0.147000E+00  0.142282E+01  0.141763E+01
  0.148000E+00  0.143185E+01  0.142656E+01
  0.149000E+00  0.144088E+01  0.143548E+01
  0.150000E+00  0.144989E+01  0.144438E+01
  0.151000E+00  0.145889E+01  0.145327E+01
  0.152000E+00  0.146787E+01  0.146214E+01
  0.153000E+00  0.147684E+01  0.147100E+01
  0.154000E+00  0.148580E+01  0.147985E+01
  0.155000E+00  0.149474E+01  0.148868E+01
  0.156000E+00  0.150368E+01  0.149749E+01
  0.157000E+00  0.151259E+01  0.150629E+01
  0.158000E+00  0.152150E+01  0.151508E+01
  0.159000E+00  0.153039E+01  0.152385E+01
  0.160000E+00  0.153927E+01  0.153260E+01
  0.161000E+00  0.154813E+01  0.154134E+01
  0.162000E+00  0.155698E+01  0.155007E+01
  0.163000E+00  0.156581E+01  0.155878E+01
  0.164000E+00  0.157463E+01  0.156747E+01
  0.165000E+00  0.158344E+01  0.157615E+01
  0.166000E+00  0.159223E+01  0.158481E+01
  0.167000E+00  0.160101E+01  0.159345E+01
  0.168000E+00  0.160978E+01  0.160208E+01
  0.169000E+00  0.161853E+01  0.161070E+01
  0.170000E+00  0.162726E+01  0.161929E+01
  0.171000E+00  0.163598E+01  0.162788E+01
  0.172000E+00  0.164469E+01  0.163644E+01
  0.173000E+00  0.165338E+01  0.164499E+01
  0.174000E+00  0.166205E+01  0.165352E+01
  0.175000E+00  0.167071E+01  0.166204E+01
  0.176000E+00  0.167936E+01  0.167054E+01
  0.177000E+00  0.168799E+01  0.167902E+01
  0.178000E+00  0.169660E+01  0.168748E+01
  0.179000E+00  0.170520E+01  0.169593E+01
  0.180000E+00  0.171379E+01  0.170437E+01
  0.181000E+00  0.172236E+01  0.171278E+01
  0.182000E+00  0.173091E+01  0.172118E+01
  0.183000E+00  0.173945E+01  0.172956E+01
  0.184000E+00  0.174797E+01  0.173792E+01
  0.185000E+00  0.175648E+01  0.174627E+01
  0.186000E+00  0.176497E+01  0.175460E+01
  0.187000E+00  0.177345E+01  0.176291E+01
  0.188000E+00  0.178191E+01  0.177120E+01
  0.189000E+00  0.179035E+01  0.177947E+01
  0.190000E+00  0.179878E+01  0.178773E+01
  0.191000E+00  0.180719E+01  0.179597E+01
  0.192000E+00  0.181558E+01  0.180419E+01
  0.193000E+00  0.182396E+01  0.181240E+01
  0.194000E+00  0.183232E+01  0.182058E+01
  0.195000E+00  0.184067E+01  0.182875E+01
  0.196000E+00  0.184900E+01  0.183690E+01
  0.197000E+00  0.185731E+01  0.184503E+01
  0.198000E+00  0.186560E+01  0.185314E+01
  0.199000E+00  0.187388E+01  0.186124E+01
  0.200000E+00  0.188214E+01  0.186931E+01
  0.201000E+00  0.189039E+01  0.187737E+01
  0.202000E+00  0.189862E+01  0.188541E+01
  0.203000E+00  0.190683E+01  0.189342E+01
  0.204000E+00  0.191502E+01  0.190142E+01
  0.205000E+00  0.192320E+01  0.190940E+01
  0.206000E+00  0.193136E+01  0.191737E+01
  0.207000E+00  0.193950E+01  0.192531E+01
  0.208000E+00  0.194762E+01  0.193323E+01
  0.209000E+00  0.195573E+01  0.194114E+01
  0.210000E+00  0.196382E+01  0.194902E+01
  0.211000E+00  0.197189E+01  0.195689E+01
  0.212000E+00  0.197994E+01  0.196473E+01
  0.213000E+00  0.198798E+01  0.197256E+01
  0.214000E+00  0.199600E+01  0.198036E+01
  0.215000E+00  0.200400E+01  0.198815E+01
  0.216000E+00  0.201198E+01  0.199592E+01
  0.217000E+00  0.201994E+01  0.200366E+01
  0.218000E+00  0.202789E+01  0.201139E+01
  0.219000E+00  0.203582E+01  0.201910E+01
  0.220000E+00  0.204373E+01  0.202678E+01
  0.221000E+00  0.205162E+01  0.203445E+01
  0.222000E+00  0.205949E+01  0.204209E+01
  0.223000E+00  0.206734E+01  0.204972E+01
  0.224000E+00  0.207518E+01  0.205732E+01
  0.225000E+00  0.208299E+01  0.206491E+01
  0.226000E+00  0.209079E+01  0.207247E+01
  0.227000E+00  0.209857E+01  0.208001E+01
  0.228000E+00  0.210633E+01  0.208754E+01
  0.229000E+00  0.211407E+01  0.209504E+01
  0.230000E+00  0.212179E+01  0.210252E+01
  0.231000E+00  0.212950E+01  0.210998E+01
  0.232000E+00  0.213718E+01  0.211741E+01
  0.233000E+00  0.214484E+01  0.212483E+01
  0.234000E+00  0.215249E+01  0.213223E+01
  0.235000E+00  0.216012E+01  0.213960E+01
  0.236000E+00  0.216772E+01  0.214695E+01
  0.237000E+00  0.217531E+01  0.215428E+01
  0.238000E+00  0.218288E+01  0.216159E+01
  0.239000E+00  0.219042E+01  0.216888E+01
  0.240000E+00  0.219795E+01  0.217615E+01
  0.241000E+00  0.220546E+01  0.218339E+01
  0.242000E+00  0.221295E+01  0.219062E+01
  0.243000E+00  0.222042E+01  0.219782E+01
  0.244000E+00  0.222787E+01  0.220500E+01
  0.245000E+00  0.223529E+01  0.221215E+01
  0.246000E+00  0.224270E+01  0.221929E+01
  0.247000E+00  0.225009E+01  0.222640E+01
  0.248000E+00  0.225746E+01  0.223349E+01
  0.249000E+00  0.226481E+01  0.224056E+01
  0.250000E+00  0.227213E+01  0.224760E+01
  0.251000E+00  0.227944E+01  0.225463E+01
  0.252000E+00  0.228673E+01  0.226163E+01
  0.253000E+00  0.229399E+01  0.226861E+01
  0.254000E+00  0.230124E+01  0.227556E+01
  0.255000E+00  0.230846E+01  0.228249E+01
  0.256000E+00  0.231566E+01  0.228940E+01
  0.257000E+00  0.232285E+01  0.229629E+01
  0.258000E+00  0.233001E+01  0.230316E+01
  0.259000E+00  0.233715E+01  0.231000E+01
  0.260000E+00  0.234427E+01  0.231681E+01
  0.261000E+00  0.235137E+01  0.232361E+01
  0.262000E+00  0.235844E+01  0.233038E+01
  0.263000E+00  0.236550E+01  0.233713E+01
  0.264000E+00  0.237254E+01  0.234385E+01
  0.265000E+00  0.237955E+01  0.235055E+01
  0.266000E+00  0.238654E+01  0.235723E+01
  0.267000E+00  0.239351E+01  0.236389E+01
  0.268000E+00  0.240046E+01  0.237052E+01
  0.269000E+00  0.240739E+01  0.237712E+01
  0.270000E+00  0.241429E+01  0.238371E+01
  0.271000E+00  0.242118E+01  0.239027E+01
  0.272000E+00  0.242804E+01  0.239680E+01
  0.273000E+00  0.243488E+01  0.240331E+01
  0.274000E+00  0.244170E+01  0.240980E+01
  0.275000E+00  0.244850E+01  0.241626E+01
  0.276000E+00  0.245527E+01  0.242270E+01
  0.277000E+00  0.246202E+01  0.242912E+01
  0.278000E+00  0.246875E+01  0.243551E+01
  0.279000E+00  0.247546E+01  0.244187E+01
  0.280000E+00  0.248215E+01  0.244821E+01
  0.281000E+00  0.248881E+01  0.245453E+01
  0.282000E+00  0.249545E+01  0.246082E+01
  0.283000E+00  0.250207E+01  0.246709E+01
  0.284000E+00  0.250867E+01  0.247334E+01
  0.285000E+00  0.251524E+01  0.247955E+01
  0.286000E+00  0.252179E+01  0.248575E+01
  0.287000E+00  0.252832E+01  0.249192E+01
  0.288000E+00  0.253482E+01  0.249806E+01
  0.289000E+00  0.254131E+01  0.250418E+01
  0.290000E+00  0.254777E+01  0.251028E+01
  0.291000E+00  0.255420E+01  0.251634E+01
  0.292000E+00  0.256062E+01  0.252239E+01
  0.293000E+00  0.256701E+01  0.252841E+01
  0.294000E+00  0.257338E+01  0.253440E+01
  0.295000E+00  0.257972E+01  0.254037E+01
  0.296000E+00  0.258604E+01  0.254631E+01
  0.297000E+00  0.259234E+01  0.255223E+01
  0.298000E+00  0.259861E+01  0.255812E+01
  0.299000E+00  0.260487E+01  0.256399E+01
  0.300000E+00  0.261109E+01  0.256983E+01
  0.301000E+00  0.261730E+01  0.257564E+01
  0.302000E+00  0.262348E+01  0.258143E+01
  0.303000E+00  0.262964E+01  0.258719E+01
  0.304000E+00  0.263577E+01  0.259293E+01
  0.305000E+00  0.264188E+01  0.259864E+01
  0.306000E+00  0.264797E+01  0.260433E+01
  0.307000E+00  0.265403E+01  0.260999E+01
  0.308000E+00  0.266007E+01  0.261562E+01
  0.309000E+00  0.266608E+01  0.262123E+01
  0.310000E+00  0.267207E+01  0.262681E+01
  0.311000E+00  0.267804E+01  0.263236E+01
  0.312000E+00  0.268398E+01  0.263789E+01
  0.313000E+00  0.268990E+01  0.264339E+01
  0.314000E+00  0.269579E+01  0.264887E+01
  0.315000E+00  0.270166E+01  0.265432E+01
  0.316000E+00  0.270751E+01  0.265974E+01
  0.317000E+00  0.271333E+01  0.266513E+01
  0.318000E+00  0.271912E+01  0.267050E+01
  0.319000E+00  0.272490E+01  0.267585E+01
  0.320000E+00  0.273064E+01  0.268116E+01
  0.321000E+00  0.273637E+01  0.268645E+01
  0.322000E+00  0.274206E+01  0.269171E+01
  0.323000E+00  0.274774E+01  0.269695E+01
  0.324000E+00  0.275339E+01  0.270216E+01
  0.325000E+00  0.275901E+01  0.270734E+01
  0.326000E+00  0.276461E+01  0.271249E+01
  0.327000E+00  0.277018E+01  0.271762E+01
  0.328000E+00  0.277573E+01  0.272272E+01
  0.329000E+00  0.278126E+01  0.272779E+01
  0.330000E+00  0.278676E+01  0.273283E+01
  0.331000E+00  0.279223E+01  0.273785E+01
  0.332000E+00  0.279768E+01  0.274284E+01
  0.333000E+00  0.280311E+01  0.274781E+01
  0.334000E+00  0.280850E+01  0.275274E+01
  0.335000E+00  0.281388E+01  0.275765E+01
  0.336000E+00  0.281923E+01  0.276253E+01
  0.337000E+00  0.282455E+01  0.276738E+01
  0.338000E+00  0.282985E+01  0.277221E+01
  0.339000E+00  0.283512E+01  0.277701E+01
  0.340000E+00  0.284036E+01  0.278178E+01
  0.341000E+00  0.284559E+01  0.278652E+01
  0.342000E+00  0.285078E+01  0.279123E+01
  0.343000E+00  0.285595E+01  0.279592E+01
  0.344000E+00  0.286109E+01  0.280058E+01
  0.345000E+00  0.286621E+01  0.280521E+01
  0.346000E+00  0.287130E+01  0.280981E+01
  0.347000E+00  0.287637E+01  0.281438E+01
  0.348000E+00  0.288141E+01  0.281893E+01
  0.349000E+00  0.288643E+01  0.282345E+01
  0.350000E+00  0.289142E+01  0.282793E+01
  0.351000E+00  0.289638E+01  0.283240E+01
  0.352000E+00  0.290131E+01  0.283683E+01
  0.353000E+00  0.290622E+01  0.284123E+01
  0.354000E+00  0.291111E+01  0.284561E+01
  0.355000E+00  0.291597E+01  0.284996E+01
  0.356000E+00  0.292080E+01  0.285428E+01
  0.357000E+00  0.292560E+01  0.285857E+01
  0.358000E+00  0.293038E+01  0.286283E+01
  0.359000E+00  0.293514E+01  0.286706E+01
  0.360000E+00  0.293986E+01  0.287127E+01
  0.361000E+00  0.294456E+01  0.287544E+01
  0.362000E+00  0.294924E+01  0.287959E+01
  0.363000E+00  0.295388E+01  0.288371E+01
  0.364000E+00  0.295850E+01  0.288780E+01
  0.365000E+00  0.296310E+01  0.289186E+01
  0.366000E+00  0.296767E+01  0.289589E+01
  0.367000E+00  0.297221E+01  0.289989E+01
  0.368000E+00  0.297672E+01  0.290387E+01
  0.369000E+00  0.298121E+01  0.290781E+01
  0.370000E+00  0.298567E+01  0.291173E+01
  0.371000E+00  0.299010E+01  0.291561E+01
  0.372000E+00  0.299451E+01  0.291947E+01
  0.373000E+00  0.299889E+01  0.292330E+01
  0.374000E+00  0.300324E+01  0.292710E+01
  0.375000E+00  0.300756E+01  0.293087E+01
  0.376000E+00  0.301186E+01  0.293461E+01
  0.377000E+00  0.301613E+01  0.293832E+01
  0.378000E+00  0.302038E+01  0.294200E+01
  0.379000E+00  0.302459E+01  0.294565E+01
  0.380000E+00  0.302878E+01  0.294928E+01
  0.381000E+00  0.303295E+01  0.295287E+01
  0.382000E+00  0.303708E+01  0.295643E+01
  0.383000E+00  0.304119E+01  0.295997E+01
  0.384000E+00  0.304527E+01  0.296347E+01
  0.385000E+00  0.304932E+01  0.296695E+01
  0.386000E+00  0.305335E+01  0.297039E+01
  0.387000E+00  0.305734E+01  0.297381E+01
  0.388000E+00  0.306131E+01  0.297719E+01
  0.389000E+00  0.306526E+01  0.298055E+01
  0.390000E+00  0.306917E+01  0.298388E+01
  0.391000E+00  0.307306E+01  0.298717E+01
  0.392000E+00  0.307692E+01  0.299044E+01
  0.393000E+00  0.308075E+01  0.299368E+01
  0.394000E+00  0.308456E+01  0.299688E+01
  0.395000E+00  0.308833E+01  0.300006E+01
  0.396000E+00  0.309208E+01  0.300321E+01
  0.397000E+00  0.309581E+01  0.300632E+01
  0.398000E+00  0.309950E+01  0.300941E+01
  0.399000E+00  0.310316E+01  0.301247E+01
  0.400000E+00  0.310680E+01  0.301549E+01
  0.401000E+00  0.311041E+01  0.301849E+01
  0.402000E+00  0.311399E+01  0.302145E+01
  0.403000E+00  0.311755E+01  0.302439E+01
  0.404000E+00  0.312107E+01  0.302730E+01
  0.405000E+00  0.312457E+01  0.303017E+01
  0.406000E+00  0.312804E+01  0.303302E+01
  0.407000E+00  0.313148E+01  0.303583E+01
  0.408000E+00  0.313489E+01  0.303862E+01
  0.409000E+00  0.313828E+01  0.304137E+01
  0.410000E+00  0.314163E+01  0.304409E+01
  0.411000E+00  0.314496E+01  0.304679E+01
  0.412000E+00  0.314826E+01  0.304945E+01
  0.413000E+00  0.315153E+01  0.305208E+01
  0.414000E+00  0.315478E+01  0.305468E+01
  0.415000E+00  0.315799E+01  0.305725E+01
  0.416000E+00  0.316118E+01  0.305979E+01
  0.417000E+00  0.316434E+01  0.306230E+01
  0.418000E+00  0.316747E+01  0.306478E+01
  0.419000E+00  0.317057E+01  0.306723E+01
  0.420000E+00  0.317364E+01  0.306965E+01
  0.421000E+00  0.317668E+01  0.307204E+01
  0.422000E+00  0.317970E+01  0.307439E+01
  0.423000E+00  0.318269E+01  0.307672E+01
  0.424000E+00  0.318564E+01  0.307902E+01
  0.425000E+00  0.318857E+01  0.308128E+01
  0.426000E+00  0.319147E+01  0.308351E+01
  0.427000E+00  0.319435E+01  0.308572E+01
  0.428000E+00  0.319719E+01  0.308789E+01
  0.429000E+00  0.320000E+01  0.309003E+01
  0.430000E+00  0.320279E+01  0.309214E+01
  0.431000E+00  0.320555E+01  0.309422E+01
  0.432000E+00  0.320827E+01  0.309627E+01
  0.433000E+00  0.321097E+01  0.309828E+01
  0.434000E+00  0.321364E+01  0.310027E+01
  0.435000E+00  0.321628E+01  0.310222E+01
  0.436000E+00  0.321890E+01  0.310415E+01
  0.437000E+00  0.322148E+01  0.310604E+01
  0.438000E+00  0.322403E+01  0.310790E+01
  0.439000E+00  0.322656E+01  0.310973E+01
  0.440000E+00  0.322906E+01  0.311153E+01
  0.441000E+00  0.323152E+01  0.311330E+01
  0.442000E+00  0.323396E+01  0.311504E+01
  0.443000E+00  0.323637E+01  0.311675E+01
  0.444000E+00  0.323875E+01  0.311842E+01
  0.445000E+00  0.324110E+01  0.312007E+01
  0.446000E+00  0.324342E+01  0.312168E+01
  0.447000E+00  0.324571E+01  0.312326E+01
  0.448000E+00  0.324798E+01  0.312481E+01
  0.449000E+00  0.325021E+01  0.312633E+01
  0.450000E+00  0.325242E+01  0.312782E+01
  0.451000E+00  0.325459E+01  0.312928E+01
  0.452000E+00  0.325674E+01  0.313070E+01
  0.453000E+00  0.325885E+01  0.313210E+01
  0.454000E+00  0.326094E+01  0.313346E+01
  0.455000E+00  0.326300E+01  0.313479E+01
  0.456000E+00  0.326503E+01  0.313609E+01
  0.457000E+00  0.326703E+01  0.313736E+01
  0.458000E+00  0.326900E+01  0.313860E+01
  0.459000E+00  0.327094E+01  0.313980E+01
  0.460000E+00  0.327285E+01  0.314098E+01
  0.461000E+00  0.327473E+01  0.314212E+01
  0.462000E+00  0.327658E+01  0.314323E+01
  0.463000E+00  0.327841E+01  0.314431E+01
  0.464000E+00  0.328020E+01  0.314536E+01
  0.465000E+00  0.328196E+01  0.314638E+01
  0.466000E+00  0.328370E+01  0.314736E+01
  0.467000E+00  0.328540E+01  0.314832E+01
  0.468000E+00  0.328708E+01  0.314924E+01
  0.469000E+00  0.328872E+01  0.315013E+01
  0.470000E+00  0.329034E+01  0.315099E+01
  0.471000E+00  0.329192E+01  0.315182E+01
  0.472000E+00  0.329348E+01  0.315262E+01
  0.473000E+00  0.329501E+01  0.315338E+01
  0.474000E+00  0.329651E+01  0.315412E+01
  0.475000E+00  0.329797E+01  0.315482E+01
  0.476000E+00  0.329941E+01  0.315549E+01
  0.477000E+00  0.330082E+01  0.315613E+01
  0.478000E+00  0.330220E+01  0.315674E+01
  0.479000E+00  0.330355E+01  0.315731E+01
  0.480000E+00  0.330487E+01  0.315786E+01
  0.481000E+00  0.330616E+01  0.315837E+01
  0.482000E+00  0.330742E+01  0.315885E+01
  0.483000E+00  0.330864E+01  0.315930E+01
  0.484000E+00  0.330984E+01  0.315972E+01
  0.485000E+00  0.331102E+01  0.316011E+01
  0.486000E+00  0.331216E+01  0.316046E+01
  0.487000E+00  0.331327E+01  0.316079E+01
  0.488000E+00  0.331435E+01  0.316108E+01
  0.489000E+00  0.331540E+01  0.316134E+01
  0.490000E+00  0.331642E+01  0.316157E+01
  0.491000E+00  0.331741E+01  0.316176E+01
  0.492000E+00  0.331837E+01  0.316193E+01
  0.493000E+00  0.331930E+01  0.316206E+01
  0.494000E+00  0.332021E+01  0.316217E+01
  0.495000E+00  0.332108E+01  0.316224E+01
  0.496000E+00  0.332192E+01  0.316227E+01
  0.497000E+00  0.332273E+01  0.316228E+01
  0.498000E+00  0.332351E+01  0.316226E+01
  0.499000E+00  0.332427E+01  0.316220E+01
  0.500000E+00  0.332499E+01  0.316211E+01
  0.501000E+00  0.332568E+01  0.316199E+01
  0.502000E+00  0.332634E+01  0.316184E+01
  0.503000E+00  0.332698E+01  0.316166E+01
  0.504000E+00  0.332758E+01  0.316145E+01
  0.505000E+00  0.332815E+01  0.316120E+01
  0.506000E+00  0.332869E+01  0.316092E+01
  0.507000E+00  0.332921E+01  0.316062E+01
  0.508000E+00  0.332969E+01  0.316027E+01
  0.509000E+00  0.333014E+01  0.315990E+01
  0.510000E+00  0.333056E+01  0.315950E+01
  0.511000E+00  0.333096E+01  0.315906E+01
  0.512000E+00  0.333132E+01  0.315860E+01
  0.513000E+00  0.333165E+01  0.315810E+01
  0.514000E+00  0.333196E+01  0.315757E+01
  0.515000E+00  0.333223E+01  0.315701E+01
  0.516000E+00  0.333247E+01  0.315641E+01
  0.517000E+00  0.333269E+01  0.315579E+01
  0.518000E+00  0.333287E+01  0.315513E+01
  0.519000E+00  0.333302E+01  0.315444E+01
  0.520000E+00  0.333314E+01  0.315372E+01
  0.521000E+00  0.333324E+01  0.315297E+01
  0.522000E+00  0.333330E+01  0.315219E+01
  0.523000E+00  0.333333E+01  0.315138E+01
  0.524000E+00  0.333334E+01  0.315053E+01
  0.525000E+00  0.333331E+01  0.314965E+01
  0.526000E+00  0.333325E+01  0.314875E+01
  0.527000E+00  0.333316E+01  0.314781E+01
  0.528000E+00  0.333305E+01  0.314683E+01
  0.529000E+00  0.333290E+01  0.314583E+01
  0.530000E+00  0.333272E+01  0.314480E+01
  0.531000E+00  0.333252E+01  0.314373E+01
  0.532000E+00  0.333228E+01  0.314263E+01
  0.533000E+00  0.333201E+01  0.314150E+01
  0.534000E+00  0.333172E+01  0.314034E+01
  0.535000E+00  0.333139E+01  0.313915E+01
  0.536000E+00  0.333103E+01  0.313793E+01
  0.537000E+00  0.333064E+01  0.313668E+01
  0.538000E+00  0.333023E+01  0.313539E+01
  0.539000E+00  0.332978E+01  0.313407E+01
  0.540000E+00  0.332930E+01  0.313272E+01
  0.541000E+00  0.332880E+01  0.313134E+01
  0.542000E+00  0.332826E+01  0.312993E+01
  0.543000E+00  0.332769E+01  0.312849E+01
  0.544000E+00  0.332710E+01  0.312702E+01
  0.545000E+00  0.332647E+01  0.312551E+01
  0.546000E+00  0.332581E+01  0.312398E+01
  0.547000E+00  0.332513E+01  0.312241E+01
  0.548000E+00  0.332441E+01  0.312081E+01
  0.549000E+00  0.332366E+01  0.311918E+01
  0.550000E+00  0.332289E+01  0.311752E+01
  0.551000E+00  0.332208E+01  0.311583E+01
  0.552000E+00  0.332125E+01  0.311410E+01
  0.553000E+00  0.332038E+01  0.311235E+01
  0.554000E+00  0.331948E+01  0.311056E+01
  0.555000E+00  0.331856E+01  0.310875E+01
  0.556000E+00  0.331760E+01  0.310690E+01
  0.557000E+00  0.331662E+01  0.310502E+01
  0.558000E+00  0.331560E+01  0.310311E+01
  0.559000E+00  0.331456E+01  0.310117E+01
  0.560000E+00  0.331348E+01  0.309920E+01
  0.561000E+00  0.331238E+01  0.309720E+01
  0.562000E+00  0.331124E+01  0.309516E+01
  0.563000E+00  0.331008E+01  0.309310E+01
  0.564000E+00  0.330888E+01  0.309100E+01
  0.565000E+00  0.330766E+01  0.308887E+01
  0.566000E+00  0.330641E+01  0.308672E+01
  0.567000E+00  0.330512E+01  0.308453E+01
  0.568000E+00  0.330381E+01  0.308231E+01
  0.569000E+00  0.330247E+01  0.308006E+01
  0.570000E+00  0.330109E+01  0.307778E+01
  0.571000E+00  0.329969E+01  0.307547E+01
  0.572000E+00  0.329826E+01  0.307312E+01
  0.573000E+00  0.329680E+01  0.307075E+01
  0.574000E+00  0.329531E+01  0.306835E+01
  0.575000E+00  0.329379E+01  0.306591E+01
  0.576000E+00  0.329223E+01  0.306345E+01
  0.577000E+00  0.329065E+01  0.306095E+01
  0.578000E+00  0.328904E+01  0.305842E+01
  0.579000E+00  0.328740E+01  0.305587E+01
  0.580000E+00  0.328574E+01  0.305328E+01
  0.581000E+00  0.328404E+01  0.305066E+01
  0.582000E+00  0.328231E+01  0.304801E+01
  0.583000E+00  0.328055E+01  0.304533E+01
  0.584000E+00  0.327876E+01  0.304262E+01
  0.585000E+00  0.327695E+01  0.303988E+01
  0.586000E+00  0.327510E+01  0.303711E+01
  0.587000E+00  0.327322E+01  0.303431E+01
  0.588000E+00  0.327132E+01  0.303148E+01
  0.589000E+00  0.326938E+01  0.302862E+01
  0.590000E+00  0.326742E+01  0.302573E+01
  0.591000E+00  0.326543E+01  0.302281E+01
  0.592000E+00  0.326340E+01  0.301985E+01
  0.593000E+00  0.326135E+01  0.301687E+01
  0.594000E+00  0.325927E+01  0.301386E+01
  0.595000E+00  0.325716E+01  0.301082E+01
  0.596000E+00  0.325502E+01  0.300774E+01
  0.597000E+00  0.325285E+01  0.300464E+01
  0.598000E+00  0.325065E+01  0.300151E+01
  0.599000E+00  0.324842E+01  0.299834E+01
  0.600000E+00  0.324616E+01  0.299515E+01
  0.601000E+00  0.324388E+01  0.299193E+01
  0.602000E+00  0.324156E+01  0.298867E+01
  0.603000E+00  0.323922E+01  0.298539E+01
  0.604000E+00  0.323684E+01  0.298208E+01
  0.605000E+00  0.323444E+01  0.297874E+01
  0.606000E+00  0.323201E+01  0.297536E+01
  0.607000E+00  0.322954E+01  0.297196E+01
  0.608000E+00  0.322705E+01  0.296853E+01
  0.609000E+00  0.322453E+01  0.296507E+01
  0.610000E+00  0.322199E+01  0.296158E+01
  0.611000E+00  0.321941E+01  0.295806E+01
  0.612000E+00  0.321680E+01  0.295451E+01
  0.613000E+00  0.321417E+01  0.295093E+01
  0.614000E+00  0.321150E+01  0.294732E+01
  0.615000E+00  0.320881E+01  0.294368E+01
  0.616000E+00  0.320609E+01  0.294001E+01
  0.617000E+00  0.320334E+01  0.293631E+01
  0.618000E+00  0.320056E+01  0.293259E+01
  0.619000E+00  0.319775E+01  0.292883E+01
  0.620000E+00  0.319491E+01  0.292505E+01
  0.621000E+00  0.319204E+01  0.292123E+01
  0.622000E+00  0.318915E+01  0.291739E+01
  0.623000E+00  0.318622E+01  0.291351E+01
  0.624000E+00  0.318327E+01  0.290961E+01
  0.625000E+00  0.318029E+01  0.290568E+01
  0.626000E+00  0.317728E+01  0.290172E+01
  0.627000E+00  0.317424E+01  0.289773E+01
  0.628000E+00  0.317118E+01  0.289371E+01
  0.629000E+00  0.316808E+01  0.288966E+01
  0.630000E+00  0.316496E+01  0.288559E+01
  0.631000E+00  0.316180E+01  0.288148E+01
  0.632000E+00  0.315862E+01  0.287735E+01
  0.633000E+00  0.315541E+01  0.287319E+01
  0.634000E+00  0.315218E+01  0.286899E+01
  0.635000E+00  0.314891E+01  0.286477E+01
  0.636000E+00  0.314562E+01  0.286053E+01
  0.637000E+00  0.314229E+01  0.285625E+01
  0.638000E+00  0.313894E+01  0.285194E+01
  0.639000E+00  0.313556E+01  0.284761E+01
  0.640000E+00  0.313216E+01  0.284324E+01
  0.641000E+00  0.312872E+01  0.283885E+01
  0.642000E+00  0.312526E+01  0.283443E+01
  0.643000E+00  0.312177E+01  0.282998E+01
  0.644000E+00  0.311825E+01  0.282551E+01
  0.645000E+00  0.311470E+01  0.282100E+01
  0.646000E+00  0.311112E+01  0.281647E+01
  0.647000E+00  0.310752E+01  0.281191E+01
  0.648000E+00  0.310388E+01  0.280732E+01
  0.649000E+00  0.310022E+01  0.280270E+01
  0.650000E+00  0.309654E+01  0.279806E+01
  0.651000E+00  0.309282E+01  0.279338E+01
  0.652000E+00  0.308908E+01  0.278868E+01
  0.653000E+00  0.308531E+01  0.278395E+01
  0.654000E+00  0.308151E+01  0.277920E+01
  0.655000E+00  0.307768E+01  0.277441E+01
  0.656000E+00  0.307383E+01  0.276960E+01
  0.657000E+00  0.306994E+01  0.276476E+01
  0.658000E+00  0.306603E+01  0.275989E+01
  0.659000E+00  0.306210E+01  0.275500E+01
  0.660000E+00  0.305813E+01  0.275007E+01
  0.661000E+00  0.305414E+01  0.274512E+01
  0.662000E+00  0.305012E+01  0.274015E+01
  0.663000E+00  0.304607E+01  0.273514E+01
  0.664000E+00  0.304200E+01  0.273011E+01
  0.665000E+00  0.303789E+01  0.272505E+01
  0.666000E+00  0.303376E+01  0.271996E+01
  0.667000E+00  0.302961E+01  0.271485E+01
  0.668000E+00  0.302542E+01  0.270970E+01
  0.669000E+00  0.302121E+01  0.270454E+01
  0.670000E+00  0.301697E+01  0.269934E+01
  0.671000E+00  0.301271E+01  0.269412E+01
  0.672000E+00  0.300841E+01  0.268887E+01
  0.673000E+00  0.300409E+01  0.268359E+01
  0.674000E+00  0.299975E+01  0.267829E+01
  0.675000E+00  0.299537E+01  0.267296E+01
  0.676000E+00  0.299097E+01  0.266760E+01
  0.677000E+00  0.298654E+01  0.266222E+01
  0.678000E+00  0.298209E+01  0.265681E+01
  0.679000E+00  0.297761E+01  0.265137E+01
  0.680000E+00  0.297310E+01  0.264591E+01
  0.681000E+00  0.296856E+01  0.264042E+01
  0.682000E+00  0.296400E+01  0.263490E+01
  0.683000E+00  0.295941E+01  0.262936E+01
  0.684000E+00  0.295480E+01  0.262379E+01
  0.685000E+00  0.295016E+01  0.261819E+01
  0.686000E+00  0.294549E+01  0.261257E+01
  0.687000E+00  0.294079E+01  0.260693E+01
  0.688000E+00  0.293607E+01  0.260125E+01
  0.689000E+00  0.293133E+01  0.259555E+01
  0.690000E+00  0.292655E+01  0.258983E+01
  0.691000E+00  0.292175E+01  0.258408E+01
  0.692000E+00  0.291692E+01  0.257830E+01
  0.693000E+00  0.291207E+01  0.257250E+01
  0.694000E+00  0.290719E+01  0.256667E+01
  0.695000E+00  0.290229E+01  0.256081E+01
  0.696000E+00  0.289736E+01  0.255493E+01
  0.697000E+00  0.289240E+01  0.254903E+01
  0.698000E+00  0.288741E+01  0.254310E+01
  0.699000E+00  0.288240E+01  0.253714E+01
  0.700000E+00  0.287737E+01  0.253116E+01
  0.701000E+00  0.287231E+01  0.252515E+01
  0.702000E+00  0.286722E+01  0.251912E+01
  0.703000E+00  0.286211E+01  0.251306E+01
  0.704000E+00  0.285697E+01  0.250698E+01
  0.705000E+00  0.285180E+01  0.250087E+01
  0.706000E+00  0.284661E+01  0.249474E+01
  0.707000E+00  0.284140E+01  0.248858E+01
  0.708000E+00  0.283616E+01  0.248240E+01
  0.709000E+00  0.283089E+01  0.247619E+01
  0.710000E+00  0.282560E+01  0.246996E+01
  0.711000E+00  0.282028E+01  0.246370E+01
  0.712000E+00  0.281494E+01  0.245742E+01
  0.713000E+00  0.280957E+01  0.245112E+01
  0.714000E+00  0.280417E+01  0.244479E+01
  0.715000E+00  0.279875E+01  0.243843E+01
  0.716000E+00  0.279331E+01  0.243205E+01
  0.717000E+00  0.278784E+01  0.242565E+01
  0.718000E+00  0.278235E+01  0.241922E+01
  0.719000E+00  0.277683E+01  0.241277E+01
  0.720000E+00  0.277128E+01  0.240629E+01
  0.721000E+00  0.276571E+01  0.239979E+01
  0.722000E+00  0.276012E+01  0.239327E+01
  0.723000E+00  0.275450E+01  0.238672E+01
  0.724000E+00  0.274886E+01  0.238015E+01
  0.725000E+00  0.274319E+01  0.237355E+01
  0.726000E+00  0.273749E+01  0.236693E+01
  0.727000E+00  0.273178E+01  0.236029E+01
  0.728000E+00  0.272603E+01  0.235362E+01
  0.729000E+00  0.272027E+01  0.234693E+01
  0.730000E+00  0.271447E+01  0.234022E+01
  0.731000E+00  0.270866E+01  0.233348E+01
  0.732000E+00  0.270282E+01  0.232672E+01
  0.733000E+00  0.269695E+01  0.231993E+01
  0.734000E+00  0.269106E+01  0.231313E+01
  0.735000E+00  0.268515E+01  0.230630E+01
  0.736000E+00  0.267921E+01  0.229944E+01
  0.737000E+00  0.267325E+01  0.229257E+01
  0.738000E+00  0.266727E+01  0.228567E+01
  0.739000E+00  0.266126E+01  0.227875E+01
  0.740000E+00  0.265522E+01  0.227180E+01
  0.741000E+00  0.264916E+01  0.226483E+01
  0.742000E+00  0.264308E+01  0.225784E+01
  0.743000E+00  0.263698E+01  0.225083E+01
  0.744000E+00  0.263085E+01  0.224379E+01
  0.745000E+00  0.262470E+01  0.223674E+01
  0.746000E+00  0.261852E+01  0.222966E+01
  0.747000E+00  0.261232E+01  0.222255E+01
  0.748000E+00  0.260610E+01  0.221543E+01
  0.749000E+00  0.259985E+01  0.220828E+01
  0.750000E+00  0.259358E+01  0.220111E+01
  0.751000E+00  0.258729E+01  0.219392E+01
  0.752000E+00  0.258097E+01  0.218671E+01
  0.753000E+00  0.257463E+01  0.217948E+01
  0.754000E+00  0.256827E+01  0.217222E+01
  0.755000E+00  0.256188E+01  0.216494E+01
  0.756000E+00  0.255547E+01  0.215764E+01
  0.757000E+00  0.254904E+01  0.215032E+01
  0.758000E+00  0.254259E+01  0.214298E+01
  0.759000E+00  0.253611E+01  0.213561E+01
  0.760000E+00  0.252961E+01  0.212823E+01
  0.761000E+00  0.252308E+01  0.212082E+01
  0.762000E+00  0.251654E+01  0.211339E+01
  0.763000E+00  0.250997E+01  0.210594E+01
  0.764000E+00  0.250338E+01  0.209847E+01
  0.765000E+00  0.249676E+01  0.209098E+01
  0.766000E+00  0.249012E+01  0.208347E+01
  0.767000E+00  0.248347E+01  0.207593E+01
  0.768000E+00  0.247678E+01  0.206838E+01
  0.769000E+00  0.247008E+01  0.206081E+01
  0.770000E+00  0.246335E+01  0.205321E+01
  0.771000E+00  0.245661E+01  0.204559E+01
  0.772000E+00  0.244984E+01  0.203796E+01
  0.773000E+00  0.244304E+01  0.203030E+01
  0.774000E+00  0.243623E+01  0.202263E+01
  0.775000E+00  0.242939E+01  0.201493E+01
  0.776000E+00  0.242254E+01  0.200721E+01
  0.777000E+00  0.241566E+01  0.199947E+01
  0.778000E+00  0.240875E+01  0.199172E+01
  0.779000E+00  0.240183E+01  0.198394E+01
  0.780000E+00  0.239489E+01  0.197614E+01
  0.781000E+00  0.238792E+01  0.196832E+01
  0.782000E+00  0.238093E+01  0.196049E+01
  0.783000E+00  0.237392E+01  0.195263E+01
  0.784000E+00  0.236689E+01  0.194476E+01
  0.785000E+00  0.235984E+01  0.193686E+01
  0.786000E+00  0.235277E+01  0.192895E+01
  0.787000E+00  0.234567E+01  0.192101E+01
  0.788000E+00  0.233856E+01  0.191306E+01
  0.789000E+00  0.233142E+01  0.190509E+01
  0.790000E+00  0.232426E+01  0.189710E+01
  0.791000E+00  0.231708E+01  0.188909E+01
  0.792000E+00  0.230988E+01  0.188106E+01
  0.793000E+00  0.230266E+01  0.187301E+01
  0.794000E+00  0.229542E+01  0.186494E+01
  0.795000E+00  0.228816E+01  0.185686E+01
  0.796000E+00  0.228088E+01  0.184875E+01
  0.797000E+00  0.227358E+01  0.184063E+01
  0.798000E+00  0.226625E+01  0.183249E+01
  0.799000E+00  0.225891E+01  0.182433E+01
  0.800000E+00  0.225155E+01  0.181616E+01
  0.801000E+00  0.224416E+01  0.180796E+01
  0.802000E+00  0.223676E+01  0.179975E+01
  0.803000E+00  0.222933E+01  0.179151E+01
  0.804000E+00  0.222189E+01  0.178327E+01
  0.805000E+00  0.221443E+01  0.177500E+01
  0.806000E+00  0.220694E+01  0.176671E+01
  0.807000E+00  0.219944E+01  0.175841E+01
  0.808000E+00  0.219191E+01  0.175009E+01
  0.809000E+00  0.218437E+01  0.174175E+01
  0.810000E+00  0.217681E+01  0.173340E+01
  0.811000E+00  0.216922E+01  0.172503E+01
  0.812000E+00  0.216162E+01  0.171664E+01
  0.813000E+00  0.215400E+01  0.170823E+01
  0.814000E+00  0.214636E+01  0.169980E+01
  0.815000E+00  0.213870E+01  0.169136E+01
  0.816000E+00  0.213102E+01  0.168291E+01
  0.817000E+00  0.212332E+01  0.167443E+01
  0.818000E+00  0.211560E+01  0.166594E+01
  0.819000E+00  0.210786E+01  0.165743E+01
  0.820000E+00  0.210011E+01  0.164891E+01
  0.821000E+00  0.209233E+01  0.164037E+01
  0.822000E+00  0.208454E+01  0.163181E+01
  0.823000E+00  0.207672E+01  0.162323E+01
  0.824000E+00  0.206889E+01  0.161464E+01
  0.825000E+00  0.206104E+01  0.160604E+01
  0.826000E+00  0.205317E+01  0.159742E+01
  0.827000E+00  0.204529E+01  0.158878E+01
  0.828000E+00  0.203738E+01  0.158012E+01
  0.829000E+00  0.202946E+01  0.157145E+01
  0.830000E+00  0.202151E+01  0.156277E+01
  0.831000E+00  0.201355E+01  0.155407E+01
  0.832000E+00  0.200558E+01  0.154535E+01
  0.833000E+00  0.199758E+01  0.153662E+01
  0.834000E+00  0.198957E+01  0.152787E+01
  0.835000E+00  0.198153E+01  0.151911E+01
  0.836000E+00  0.197348E+01  0.151033E+01
  0.837000E+00  0.196541E+01  0.150153E+01
  0.838000E+00  0.195733E+01  0.149273E+01
  0.839000E+00  0.194923E+01  0.148390E+01
  0.840000E+00  0.194111E+01  0.147506E+01
  0.841000E+00  0.193297E+01  0.146621E+01
  0.842000E+00  0.192481E+01  0.145734E+01
  0.843000E+00  0.191664E+01  0.144846E+01
  0.844000E+00  0.190845E+01  0.143957E+01
  0.845000E+00  0.190024E+01  0.143065E+01
  0.846000E+00  0.189202E+01  0.142173E+01
  0.847000E+00  0.188377E+01  0.141279E+01
  0.848000E+00  0.187552E+01  0.140384E+01
  0.849000E+00  0.186724E+01  0.139487E+01
  0.850000E+00  0.185895E+01  0.138589E+01
  0.851000E+00  0.185064E+01  0.137689E+01
  0.852000E+00  0.184231E+01  0.136788E+01
  0.853000E+00  0.183397E+01  0.135886E+01
  0.854000E+00  0.182561E+01  0.134982E+01
  0.855000E+00  0.181724E+01  0.134077E+01
  0.856000E+00  0.180885E+01  0.133171E+01
  0.857000E+00  0.180044E+01  0.132263E+01
  0.858000E+00  0.179202E+01  0.131354E+01
  0.859000E+00  0.178358E+01  0.130444E+01
  0.860000E+00  0.177512E+01  0.129532E+01
  0.861000E+00  0.176665E+01  0.128619E+01
  0.862000E+00  0.175816E+01  0.127705E+01
  0.863000E+00  0.174966E+01  0.126790E+01
  0.864000E+00  0.174114E+01  0.125873E+01
  0.865000E+00  0.173260E+01  0.124955E+01
  0.866000E+00  0.172405E+01  0.124036E+01
  0.867000E+00  0.171548E+01  0.123115E+01
  0.868000E+00  0.170690E+01  0.122194E+01
  0.869000E+00  0.169830E+01  0.121271E+01
  0.870000E+00  0.168969E+01  0.120347E+01
  0.871000E+00  0.168106E+01  0.119421E+01
  0.872000E+00  0.167242E+01  0.118495E+01
  0.873000E+00  0.166376E+01  0.117567E+01
  0.874000E+00  0.165509E+01  0.116638E+01
  0.875000E+00  0.164640E+01  0.115708E+01
  0.876000E+00  0.163770E+01  0.114777E+01
  0.877000E+00  0.162898E+01  0.113844E+01
  0.878000E+00  0.162025E+01  0.112911E+01
  0.879000E+00  0.161151E+01  0.111976E+01
  0.880000E+00  0.160274E+01  0.111040E+01
  0.881000E+00  0.159397E+01  0.110104E+01
  0.882000E+00  0.158518E+01  0.109166E+01
  0.883000E+00  0.157638E+01  0.108226E+01
  0.884000E+00  0.156756E+01  0.107286E+01
  0.885000E+00  0.155872E+01  0.106345E+01
  0.886000E+00  0.154988E+01  0.105403E+01
  0.887000E+00  0.154102E+01  0.104459E+01
  0.888000E+00  0.153214E+01  0.103515E+01
  0.889000E+00  0.152326E+01  0.102570E+01
  0.890000E+00  0.151435E+01  0.101623E+01
  0.891000E+00  0.150544E+01  0.100676E+01
  0.892000E+00  0.149651E+01  0.997273E+00
  0.893000E+00  0.148757E+01  0.987778E+00
  0.894000E+00  0.147861E+01  0.978273E+00
  0.895000E+00  0.146964E+01  0.968759E+00
  0.896000E+00  0.146066E+01  0.959235E+00
  0.897000E+00  0.145167E+01  0.949701E+00
  0.898000E+00  0.144266E+01  0.940158E+00
  0.899000E+00  0.143364E+01  0.930606E+00
  0.900000E+00  0.142460E+01  0.921044E+00
  0.901000E+00  0.141555E+01  0.911473E+00
  0.902000E+00  0.140649E+01  0.901893E+00
  0.903000E+00  0.139742E+01  0.892303E+00
  0.904000E+00  0.138834E+01  0.882705E+00
  0.905000E+00  0.137924E+01  0.873098E+00
  0.906000E+00  0.137013E+01  0.863483E+00
  0.907000E+00  0.136101E+01  0.853858E+00
  0.908000E+00  0.135187E+01  0.844226E+00
  0.909000E+00  0.134273E+01  0.834584E+00
  0.910000E+00  0.133357E+01  0.824935E+00
  0.911000E+00  0.132440E+01  0.815277E+00
  0.912000E+00  0.131521E+01  0.805611E+00
  0.913000E+00  0.130602E+01  0.795937E+00
  0.914000E+00  0.129681E+01  0.786255E+00
  0.915000E+00  0.128759E+01  0.776565E+00
  0.916000E+00  0.127836E+01  0.766867E+00
  0.917000E+00  0.126912E+01  0.757162E+00
  0.918000E+00  0.125987E+01  0.747449E+00
  0.919000E+00  0.125061E+01  0.737728E+00
  0.920000E+00  0.124133E+01  0.728001E+00
  0.921000E+00  0.123205E+01  0.718266E+00
  0.922000E+00  0.122275E+01  0.708523E+00
  0.923000E+00  0.121344E+01  0.698774E+00
  0.924000E+00  0.120412E+01  0.689018E+00
  0.925000E+00  0.119479E+01  0.679255E+00
  0.926000E+00  0.118545E+01  0.669485E+00
  0.927000E+00  0.117610E+01  0.659708E+00
  0.928000E+00  0.116674E+01  0.649925E+00
  0.929000E+00  0.115736E+01  0.640135E+00
  0.930000E+00  0.114798E+01  0.630339E+00
  0.931000E+00  0.113859E+01  0.620536E+00
  0.932000E+00  0.112918E+01  0.610728E+00
  0.933000E+00  0.111977E+01  0.600913E+00
  0.934000E+00  0.111035E+01  0.591092E+00
  0.935000E+00  0.110091E+01  0.581265E+00
  0.936000E+00  0.109147E+01  0.571433E+00
  0.937000E+00  0.108201E+01  0.561595E+00
  0.938000E+00  0.107255E+01  0.551751E+00
  0.939000E+00  0.106308E+01  0.541901E+00
  0.940000E+00  0.105359E+01  0.532047E+00
  0.941000E+00  0.104410E+01  0.522186E+00
  0.942000E+00  0.103460E+01  0.512321E+00
  0.943000E+00  0.102509E+01  0.502451E+00
  0.944000E+00  0.101557E+01  0.492575E+00
  0.945000E+00  0.100604E+01  0.482695E+00
  0.946000E+00  0.996503E+00  0.472810E+00
  0.947000E+00  0.986956E+00  0.462920E+00
  0.948000E+00  0.977400E+00  0.453025E+00
  0.949000E+00  0.967835E+00  0.443126E+00
  0.950000E+00  0.958262E+00  0.433222E+00
  0.951000E+00  0.948679E+00  0.423314E+00
  0.952000E+00  0.939089E+00  0.413402E+00
  0.953000E+00  0.929489E+00  0.403486E+00
  0.954000E+00  0.919882E+00  0.393566E+00
  0.955000E+00  0.910266E+00  0.383642E+00
  0.956000E+00  0.900642E+00  0.373714E+00
  0.957000E+00  0.891010E+00  0.363782E+00
  0.958000E+00  0.881370E+00  0.353846E+00
  0.959000E+00  0.871722E+00  0.343907E+00
  0.960000E+00  0.862066E+00  0.333965E+00
  0.961000E+00  0.852402E+00  0.324019E+00
  0.962000E+00  0.842731E+00  0.314070E+00
  0.963000E+00  0.833052E+00  0.304118E+00
  0.964000E+00  0.823365E+00  0.294163E+00
  0.965000E+00  0.813672E+00  0.284205E+00
  0.966000E+00  0.803970E+00  0.274244E+00
  0.967000E+00  0.794262E+00  0.264280E+00
  0.968000E+00  0.784547E+00  0.254314E+00
  0.969000E+00  0.774824E+00  0.244345E+00
  0.970000E+00  0.765094E+00  0.234374E+00
  0.971000E+00  0.755358E+00  0.224400E+00
  0.972000E+00  0.745615E+00  0.214424E+00
  0.973000E+00  0.735865E+00  0.204446E+00
  0.974000E+00  0.726108E+00  0.194466E+00
  0.975000E+00  0.716345E+00  0.184484E+00
  0.976000E+00  0.706575E+00  0.174500E+00
  0.977000E+00  0.696799E+00  0.164514E+00
  0.978000E+00  0.687017E+00  0.154527E+00
  0.979000E+00  0.677229E+00  0.144538E+00
  0.980000E+00  0.667434E+00  0.134548E+00
  0.981000E+00  0.657634E+00  0.124556E+00
  0.982000E+00  0.647827E+00  0.114563E+00
  0.983000E+00  0.638015E+00  0.104569E+00
  0.984000E+00  0.628197E+00  0.945744E-01
  0.985000E+00  0.618374E+00  0.845784E-01
  0.986000E+00  0.608544E+00  0.745815E-01
  0.987000E+00  0.598710E+00  0.645840E-01
  0.988000E+00  0.588870E+00  0.545857E-01
  0.989000E+00  0.579024E+00  0.445869E-01
  0.990000E+00  0.569174E+00  0.345877E-01
  0.991000E+00  0.559318E+00  0.245881E-01
  0.992000E+00  0.549457E+00  0.145883E-01
  0.993000E+00  0.539592E+00  0.458835E-02
  0.994000E+00  0.529721E+00 -0.541167E-02
  0.995000E+00  0.519846E+00 -0.154116E-01
  0.996000E+00  0.509966E+00 -0.254114E-01
  0.997000E+00  0.500081E+00 -0.354110E-01
  0.998000E+00  0.490192E+00 -0.454102E-01
  0.999000E+00  0.480299E+00 -0.554089E-01
  0.100000E+01  0.470401E+00 -0.654071E-01
