 -0.500000E+01  0.000000E+00
 -0.499000E+01  0.100000E+00
 -0.498000E+01  0.200247E+00
 -0.497000E+01  0.300986E+00
 -0.496000E+01  0.402463E+00
 -0.495000E+01  0.504922E+00
 -0.494000E+01  0.608608E+00
 -0.493000E+01  0.713768E+00
 -0.492000E+01  0.820648E+00
 -0.491000E+01  0.929498E+00
 -0.490000E+01  0.104057E+01
 -0.489000E+01  0.115412E+01
 -0.488000E+01  0.127041E+01
 -0.487000E+01  0.138970E+01
 -0.486000E+01  0.151225E+01
 -0.485000E+01  0.163835E+01
 -0.484000E+01  0.176827E+01
 -0.483000E+01  0.190230E+01
 -0.482000E+01  0.204073E+01
 -0.481000E+01  0.218386E+01
 -0.480000E+01  0.233200E+01
 -0.479000E+01  0.248547E+01
 -0.478000E+01  0.264459E+01
 -0.477000E+01  0.280970E+01
 -0.476000E+01  0.298115E+01
 -0.475000E+01  0.315929E+01
 -0.474000E+01  0.334450E+01
 -0.473000E+01  0.353716E+01
 -0.472000E+01  0.373766E+01
 -0.471000E+01  0.394642E+01
 -0.470000E+01  0.416386E+01
 -0.469000E+01  0.439040E+01
 -0.468000E+01  0.462653E+01
 -0.467000E+01  0.487269E+01
 -0.466000E+01  0.512938E+01
 -0.465000E+01  0.539711E+01
 -0.464000E+01  0.567641E+01
 -0.463000E+01  0.596781E+01
 -0.462000E+01  0.627189E+01
 -0.461000E+01  0.658924E+01
 -0.460000E+01  0.692046E+01
 -0.459000E+01  0.726618E+01
 -0.458000E+01  0.762707E+01
 -0.457000E+01  0.800381E+01
 -0.456000E+01  0.839711E+01
 -0.455000E+01  0.880770E+01
 -0.454000E+01  0.923635E+01
 -0.453000E+01  0.968386E+01
 -0.452000E+01  0.101510E+02
 -0.451000E+01  0.106388E+02
 -0.450000E+01  0.111479E+02
 -0.449000E+01  0.116794E+02
 -0.448000E+01  0.122343E+02
 -0.447000E+01  0.128134E+02
 -0.446000E+01  0.134179E+02
 -0.445000E+01  0.140488E+02
 -0.444000E+01  0.147073E+02
 -0.443000E+01  0.153944E+02
 -0.442000E+01  0.161115E+02
 -0.441000E+01  0.168597E+02
 -0.440000E+01  0.176404E+02
 -0.439000E+01  0.184549E+02
 -0.438000E+01  0.193046E+02
 -0.437000E+01  0.201909E+02
 -0.436000E+01  0.211154E+02
 -0.435000E+01  0.220797E+02
 -0.434000E+01  0.230853E+02
 -0.433000E+01  0.241339E+02
 -0.432000E+01  0.252272E+02
 -0.431000E+01  0.263672E+02
 -0.430000E+01  0.275556E+02
 -0.429000E+01  0.287944E+02
 -0.428000E+01  0.300856E+02
 -0.427000E+01  0.314314E+02
 -0.426000E+01  0.328338E+02
 -0.425000E+01  0.342952E+02
 -0.424000E+01  0.358178E+02
 -0.423000E+01  0.374042E+02
 -0.422000E+01  0.390567E+02
 -0.421000E+01  0.407779E+02
 -0.420000E+01  0.425707E+02
 -0.419000E+01  0.444377E+02
 -0.418000E+01  0.463818E+02
 -0.417000E+01  0.484061E+02
 -0.416000E+01  0.505135E+02
 -0.415000E+01  0.527074E+02
 -0.414000E+01  0.549910E+02
 -0.413000E+01  0.573678E+02
 -0.412000E+01  0.598413E+02
 -0.411000E+01  0.624152E+02
 -0.410000E+01  0.650933E+02
 -0.409000E+01  0.678795E+02
 -0.408000E+01  0.707779E+02
 -0.407000E+01  0.737927E+02
 -0.406000E+01  0.769283E+02
 -0.405000E+01  0.801892E+02
 -0.404000E+01  0.835800E+02
 -0.403000E+01  0.871056E+02
 -0.402000E+01  0.907709E+02
 -0.401000E+01  0.945811E+02
 -0.400000E+01  0.985415E+02
 -0.399000E+01  0.102658E+03
 -0.398000E+01  0.106935E+03
 -0.397000E+01  0.111380E+03
 -0.396000E+01  0.115998E+03
 -0.395000E+01  0.120796E+03
 -0.394000E+01  0.125780E+03
 -0.393000E+01  0.130956E+03
 -0.392000E+01  0.136332E+03
 -0.391000E+01  0.141915E+03
 -0.390000E+01  0.147712E+03
 -0.389000E+01  0.153731E+03
 -0.388000E+01  0.159980E+03
 -0.387000E+01  0.166466E+03
 -0.386000E+01  0.173198E+03
 -0.385000E+01  0.180184E+03
 -0.384000E+01  0.187435E+03
 -0.383000E+01  0.194957E+03
 -0.382000E+01  0.202762E+03
 -0.381000E+01  0.210859E+03
 -0.380000E+01  0.219258E+03
 -0.379000E+01  0.227969E+03
 -0.378000E+01  0.237003E+03
 -0.377000E+01  0.246371E+03
 -0.376000E+01  0.256084E+03
 -0.375000E+01  0.266154E+03
 -0.374000E+01  0.276593E+03
 -0.373000E+01  0.287413E+03
 -0.372000E+01  0.298628E+03
 -0.371000E+01  0.310250E+03
 -0.370000E+01  0.322293E+03
 -0.369000E+01  0.334770E+03
 -0.368000E+01  0.347697E+03
 -0.367000E+01  0.361088E+03
 -0.366000E+01  0.374958E+03
 -0.365000E+01  0.389322E+03
 -0.364000E+01  0.404198E+03
 -0.363000E+01  0.419601E+03
 -0.362000E+01  0.435549E+03
 -0.361000E+01  0.452059E+03
 -0.360000E+01  0.469149E+03
 -0.359000E+01  0.486837E+03
 -0.358000E+01  0.505144E+03
 -0.357000E+01  0.524087E+03
 -0.356000E+01  0.543689E+03
 -0.355000E+01  0.563969E+03
 -0.354000E+01  0.584948E+03
 -0.353000E+01  0.606648E+03
 -0.352000E+01  0.629092E+03
 -0.351000E+01  0.652304E+03
 -0.350000E+01  0.676305E+03
 -0.349000E+01  0.701122E+03
 -0.348000E+01  0.726779E+03
 -0.347000E+01  0.753302E+03
 -0.346000E+01  0.780717E+03
 -0.345000E+01  0.809050E+03
 -0.344000E+01  0.838331E+03
 -0.343000E+01  0.868587E+03
 -0.342000E+01  0.899847E+03
 -0.341000E+01  0.932142E+03
 -0.340000E+01  0.965502E+03
 -0.339000E+01  0.999959E+03
 -0.338000E+01  0.103555E+04
 -0.337000E+01  0.107229E+04
 -0.336000E+01  0.111024E+04
 -0.335000E+01  0.114941E+04
 -0.334000E+01  0.118986E+04
 -0.333000E+01  0.123160E+04
 -0.332000E+01  0.127469E+04
 -0.331000E+01  0.131916E+04
 -0.330000E+01  0.136505E+04
 -0.329000E+01  0.141239E+04
 -0.328000E+01  0.146124E+04
 -0.327000E+01  0.151163E+04
 -0.326000E+01  0.156360E+04
 -0.325000E+01  0.161721E+04
 -0.324000E+01  0.167249E+04
 -0.323000E+01  0.172950E+04
 -0.322000E+01  0.178827E+04
 -0.321000E+01  0.184886E+04
 -0.320000E+01  0.191133E+04
 -0.319000E+01  0.197571E+04
 -0.318000E+01  0.204206E+04
 -0.317000E+01  0.211043E+04
 -0.316000E+01  0.218089E+04
 -0.315000E+01  0.225348E+04
 -0.314000E+01  0.232826E+04
 -0.313000E+01  0.240529E+04
 -0.312000E+01  0.248462E+04
 -0.311000E+01  0.256633E+04
 -0.310000E+01  0.265047E+04
 -0.309000E+01  0.273710E+04
 -0.308000E+01  0.282629E+04
 -0.307000E+01  0.291811E+04
 -0.306000E+01  0.301261E+04
 -0.305000E+01  0.310988E+04
 -0.304000E+01  0.320998E+04
 -0.303000E+01  0.331299E+04
 -0.302000E+01  0.341897E+04
 -0.301000E+01  0.352799E+04
 -0.300000E+01  0.364015E+04
 -0.299000E+01  0.375551E+04
 -0.298000E+01  0.387415E+04
 -0.297000E+01  0.399615E+04
 -0.296000E+01  0.412160E+04
 -0.295000E+01  0.425057E+04
 -0.294000E+01  0.438317E+04
 -0.293000E+01  0.451946E+04
 -0.292000E+01  0.465954E+04
 -0.291000E+01  0.480350E+04
 -0.290000E+01  0.495143E+04
 -0.289000E+01  0.510343E+04
 -0.288000E+01  0.525959E+04
 -0.287000E+01  0.542001E+04
 -0.286000E+01  0.558478E+04
 -0.285000E+01  0.575401E+04
 -0.284000E+01  0.592780E+04
 -0.283000E+01  0.610625E+04
 -0.282000E+01  0.628947E+04
 -0.281000E+01  0.647757E+04
 -0.280000E+01  0.667065E+04
 -0.279000E+01  0.686883E+04
 -0.278000E+01  0.707221E+04
 -0.277000E+01  0.728092E+04
 -0.276000E+01  0.749508E+04
 -0.275000E+01  0.771479E+04
 -0.274000E+01  0.794018E+04
 -0.273000E+01  0.817138E+04
 -0.272000E+01  0.840850E+04
 -0.271000E+01  0.865167E+04
 -0.270000E+01  0.890103E+04
 -0.269000E+01  0.915669E+04
 -0.268000E+01  0.941880E+04
 -0.267000E+01  0.968748E+04
 -0.266000E+01  0.996288E+04
 -0.265000E+01  0.102451E+05
 -0.264000E+01  0.105344E+05
 -0.263000E+01  0.108307E+05
 -0.262000E+01  0.111344E+05
 -0.261000E+01  0.114454E+05
 -0.260000E+01  0.117641E+05
 -0.259000E+01  0.120904E+05
 -0.258000E+01  0.124246E+05
 -0.257000E+01  0.127669E+05
 -0.256000E+01  0.131173E+05
 -0.255000E+01  0.134761E+05
 -0.254000E+01  0.138433E+05
 -0.253000E+01  0.142192E+05
 -0.252000E+01  0.146039E+05
 -0.251000E+01  0.149976E+05
 -0.250000E+01  0.154005E+05
 -0.249000E+01  0.158126E+05
 -0.248000E+01  0.162343E+05
 -0.247000E+01  0.166656E+05
 -0.246000E+01  0.171068E+05
 -0.245000E+01  0.175579E+05
 -0.244000E+01  0.180193E+05
 -0.243000E+01  0.184910E+05
 -0.242000E+01  0.189732E+05
 -0.241000E+01  0.194662E+05
 -0.240000E+01  0.199701E+05
 -0.239000E+01  0.204852E+05
 -0.238000E+01  0.210115E+05
 -0.237000E+01  0.215492E+05
 -0.236000E+01  0.220987E+05
 -0.235000E+01  0.226600E+05
 -0.234000E+01  0.232334E+05
 -0.233000E+01  0.238190E+05
 -0.232000E+01  0.244171E+05
 -0.231000E+01  0.250279E+05
 -0.230000E+01  0.256515E+05
 -0.229000E+01  0.262881E+05
 -0.228000E+01  0.269381E+05
 -0.227000E+01  0.276014E+05
 -0.226000E+01  0.282785E+05
 -0.225000E+01  0.289694E+05
 -0.224000E+01  0.296744E+05
 -0.223000E+01  0.303937E+05
 -0.222000E+01  0.311275E+05
 -0.221000E+01  0.318761E+05
 -0.220000E+01  0.326395E+05
 -0.219000E+01  0.334182E+05
 -0.218000E+01  0.342121E+05
 -0.217000E+01  0.350217E+05
 -0.216000E+01  0.358470E+05
 -0.215000E+01  0.366883E+05
 -0.214000E+01  0.375459E+05
 -0.213000E+01  0.384199E+05
 -0.212000E+01  0.393105E+05
 -0.211000E+01  0.402181E+05
 -0.210000E+01  0.411427E+05
 -0.209000E+01  0.420847E+05
 -0.208000E+01  0.430442E+05
 -0.207000E+01  0.440215E+05
 -0.206000E+01  0.450168E+05
 -0.205000E+01  0.460302E+05
 -0.204000E+01  0.470621E+05
 -0.203000E+01  0.481126E+05
 -0.202000E+01  0.491820E+05
 -0.201000E+01  0.502704E+05
 -0.200000E+01  0.513782E+05
 -0.199000E+01  0.525055E+05
 -0.198000E+01  0.536525E+05
 -0.197000E+01  0.548195E+05
 -0.196000E+01  0.560066E+05
 -0.195000E+01  0.572142E+05
 -0.194000E+01  0.584424E+05
 -0.193000E+01  0.596914E+05
 -0.192000E+01  0.609614E+05
 -0.191000E+01  0.622527E+05
 -0.190000E+01  0.635655E+05
 -0.189000E+01  0.648999E+05
 -0.188000E+01  0.662562E+05
 -0.187000E+01  0.676346E+05
 -0.186000E+01  0.690353E+05
 -0.185000E+01  0.704585E+05
 -0.184000E+01  0.719044E+05
 -0.183000E+01  0.733732E+05
 -0.182000E+01  0.748651E+05
 -0.181000E+01  0.763804E+05
 -0.180000E+01  0.779191E+05
 -0.179000E+01  0.794815E+05
 -0.178000E+01  0.810677E+05
 -0.177000E+01  0.826781E+05
 -0.176000E+01  0.843127E+05
 -0.175000E+01  0.859718E+05
 -0.174000E+01  0.876554E+05
 -0.173000E+01  0.893638E+05
 -0.172000E+01  0.910972E+05
 -0.171000E+01  0.928557E+05
 -0.170000E+01  0.946395E+05
 -0.169000E+01  0.964487E+05
 -0.168000E+01  0.982836E+05
 -0.167000E+01  0.100144E+06
 -0.166000E+01  0.102031E+06
 -0.165000E+01  0.103943E+06
 -0.164000E+01  0.105882E+06
 -0.163000E+01  0.107847E+06
 -0.162000E+01  0.109839E+06
 -0.161000E+01  0.111857E+06
 -0.160000E+01  0.113903E+06
 -0.159000E+01  0.115975E+06
 -0.158000E+01  0.118074E+06
 -0.157000E+01  0.120200E+06
 -0.156000E+01  0.122353E+06
 -0.155000E+01  0.124534E+06
 -0.154000E+01  0.126742E+06
 -0.153000E+01  0.128977E+06
 -0.152000E+01  0.131241E+06
 -0.151000E+01  0.133532E+06
 -0.150000E+01  0.135850E+06
 -0.149000E+01  0.138197E+06
 -0.148000E+01  0.140572E+06
 -0.147000E+01  0.142974E+06
 -0.146000E+01  0.145404E+06
 -0.145000E+01  0.147863E+06
 -0.144000E+01  0.150350E+06
 -0.143000E+01  0.152865E+06
 -0.142000E+01  0.155408E+06
 -0.141000E+01  0.157979E+06
 -0.140000E+01  0.160579E+06
 -0.139000E+01  0.163206E+06
 -0.138000E+01  0.165862E+06
 -0.137000E+01  0.168547E+06
 -0.136000E+01  0.171259E+06
 -0.135000E+01  0.174000E+06
 -0.134000E+01  0.176769E+06
 -0.133000E+01  0.179567E+06
 -0.132000E+01  0.182392E+06
 -0.131000E+01  0.185246E+06
 -0.130000E+01  0.188127E+06
 -0.129000E+01  0.191037E+06
 -0.128000E+01  0.193975E+06
 -0.127000E+01  0.196940E+06
 -0.126000E+01  0.199934E+06
 -0.125000E+01  0.202955E+06
 -0.124000E+01  0.206004E+06
 -0.123000E+01  0.209080E+06
 -0.122000E+01  0.212184E+06
 -0.121000E+01  0.215315E+06
 -0.120000E+01  0.218474E+06
 -0.119000E+01  0.221659E+06
 -0.118000E+01  0.224872E+06
 -0.117000E+01  0.228111E+06
 -0.116000E+01  0.231377E+06
 -0.115000E+01  0.234669E+06
 -0.114000E+01  0.237988E+06
 -0.113000E+01  0.241333E+06
 -0.112000E+01  0.244704E+06
 -0.111000E+01  0.248100E+06
 -0.110000E+01  0.251523E+06
 -0.109000E+01  0.254970E+06
 -0.108000E+01  0.258443E+06
 -0.107000E+01  0.261941E+06
 -0.106000E+01  0.265464E+06
 -0.105000E+01  0.269011E+06
 -0.104000E+01  0.272582E+06
 -0.103000E+01  0.276177E+06
 -0.102000E+01  0.279796E+06
 -0.101000E+01  0.283439E+06
 -0.100000E+01  0.287104E+06
 -0.990000E+00  0.290793E+06
 -0.980000E+00  0.294505E+06
 -0.970000E+00  0.298238E+06
 -0.960000E+00  0.301994E+06
 -0.950000E+00  0.305772E+06
 -0.940000E+00  0.309571E+06
 -0.930000E+00  0.313392E+06
 -0.920000E+00  0.317233E+06
 -0.910000E+00  0.321095E+06
 -0.900000E+00  0.324977E+06
 -0.890000E+00  0.328878E+06
 -0.880000E+00  0.332800E+06
 -0.870000E+00  0.336740E+06
 -0.860000E+00  0.340699E+06
 -0.850000E+00  0.344676E+06
 -0.840000E+00  0.348672E+06
 -0.830000E+00  0.352685E+06
 -0.820000E+00  0.356716E+06
 -0.810000E+00  0.360763E+06
 -0.800000E+00  0.364827E+06
 -0.790000E+00  0.368906E+06
 -0.780000E+00  0.373002E+06
 -0.770000E+00  0.377113E+06
 -0.760000E+00  0.381238E+06
 -0.750000E+00  0.385378E+06
 -0.740000E+00  0.389532E+06
 -0.730000E+00  0.393699E+06
 -0.720000E+00  0.397880E+06
 -0.710000E+00  0.402073E+06
 -0.700000E+00  0.406278E+06
 -0.690000E+00  0.410496E+06
 -0.680000E+00  0.414724E+06
 -0.670000E+00  0.418964E+06
 -0.660000E+00  0.423214E+06
 -0.650000E+00  0.427474E+06
 -0.640000E+00  0.431743E+06
 -0.630000E+00  0.436022E+06
 -0.620000E+00  0.440309E+06
 -0.610000E+00  0.444604E+06
 -0.600000E+00  0.448906E+06
 -0.590000E+00  0.453216E+06
 -0.580000E+00  0.457533E+06
 -0.570000E+00  0.461856E+06
 -0.560000E+00  0.466185E+06
 -0.550000E+00  0.470519E+06
 -0.540000E+00  0.474858E+06
 -0.530000E+00  0.479201E+06
 -0.520000E+00  0.483548E+06
 -0.510000E+00  0.487899E+06
 -0.500000E+00  0.492253E+06
 -0.490000E+00  0.496609E+06
 -0.480000E+00  0.500967E+06
 -0.470000E+00  0.505326E+06
 -0.460000E+00  0.509687E+06
 -0.450000E+00  0.514048E+06
 -0.440000E+00  0.518409E+06
 -0.430000E+00  0.522770E+06
 -0.420000E+00  0.527130E+06
 -0.410000E+00  0.531489E+06
 -0.400000E+00  0.535847E+06
 -0.390000E+00  0.540202E+06
 -0.380000E+00  0.544555E+06
 -0.370000E+00  0.548904E+06
 -0.360000E+00  0.553251E+06
 -0.350000E+00  0.557593E+06
 -0.340000E+00  0.561931E+06
 -0.330000E+00  0.566265E+06
 -0.320000E+00  0.570593E+06
 -0.310000E+00  0.574916E+06
 -0.300000E+00  0.579233E+06
 -0.290000E+00  0.583543E+06
 -0.280000E+00  0.587846E+06
 -0.270000E+00  0.592142E+06
 -0.260000E+00  0.596431E+06
 -0.250000E+00  0.600712E+06
 -0.240000E+00  0.604985E+06
 -0.230000E+00  0.609248E+06
 -0.220000E+00  0.613503E+06
 -0.210000E+00  0.617749E+06
 -0.200000E+00  0.621985E+06
 -0.190000E+00  0.626211E+06
 -0.180000E+00  0.630426E+06
 -0.170000E+00  0.634632E+06
 -0.160000E+00  0.638826E+06
 -0.150000E+00  0.643009E+06
 -0.140000E+00  0.647181E+06
 -0.130000E+00  0.651341E+06
 -0.120000E+00  0.655489E+06
 -0.110000E+00  0.659624E+06
 -0.999999E-01  0.663748E+06
 -0.900002E-01  0.667859E+06
 -0.799999E-01  0.671958E+06
 -0.700002E-01  0.676043E+06
 -0.599999E-01  0.680115E+06
 -0.500002E-01  0.684173E+06
 -0.400000E-01  0.688218E+06
 -0.300002E-01  0.692250E+06
 -0.200000E-01  0.696268E+06
 -0.100002E-01  0.700271E+06
  0.000000E+00  0.704261E+06
  0.999975E-02  0.708237E+06
  0.200000E-01  0.712198E+06
  0.299997E-01  0.716145E+06
  0.400000E-01  0.720078E+06
  0.499997E-01  0.723997E+06
  0.599999E-01  0.727901E+06
  0.699997E-01  0.731791E+06
  0.799999E-01  0.735667E+06
  0.899997E-01  0.739528E+06
  0.999999E-01  0.743376E+06
  0.110000E+00  0.747209E+06
  0.120000E+00  0.751028E+06
  0.130000E+00  0.754833E+06
  0.140000E+00  0.758625E+06
  0.150000E+00  0.762403E+06
  0.160000E+00  0.766167E+06
  0.170000E+00  0.769918E+06
  0.180000E+00  0.773655E+06
  0.190000E+00  0.777380E+06
  0.200000E+00  0.781092E+06
  0.210000E+00  0.784792E+06
  0.220000E+00  0.788479E+06
  0.230000E+00  0.792154E+06
  0.240000E+00  0.795818E+06
  0.250000E+00  0.799470E+06
  0.260000E+00  0.803112E+06
  0.270000E+00  0.806742E+06
  0.280000E+00  0.810362E+06
  0.290000E+00  0.813973E+06
  0.300000E+00  0.817574E+06
  0.310000E+00  0.821166E+06
  0.320000E+00  0.824750E+06
  0.330000E+00  0.828325E+06
  0.340000E+00  0.831893E+06
  0.350000E+00  0.835454E+06
  0.360000E+00  0.839009E+06
  0.370000E+00  0.842557E+06
  0.380000E+00  0.846101E+06
  0.390000E+00  0.849640E+06
  0.400000E+00  0.853175E+06
  0.410000E+00  0.856706E+06
  0.420000E+00  0.860235E+06
  0.430000E+00  0.863762E+06
  0.440000E+00  0.867287E+06
  0.450000E+00  0.870812E+06
  0.460000E+00  0.874338E+06
  0.470000E+00  0.877864E+06
  0.480000E+00  0.881392E+06
  0.490000E+00  0.884923E+06
  0.500000E+00  0.888458E+06
  0.510000E+00  0.891997E+06
  0.520000E+00  0.895541E+06
  0.530000E+00  0.899092E+06
  0.540000E+00  0.902650E+06
  0.550000E+00  0.906216E+06
  0.560000E+00  0.909792E+06
  0.570000E+00  0.913377E+06
  0.580000E+00  0.916975E+06
  0.590000E+00  0.920585E+06
  0.600000E+00  0.924208E+06
  0.610000E+00  0.927847E+06
  0.620000E+00  0.931501E+06
  0.630000E+00  0.935172E+06
  0.640000E+00  0.938862E+06
  0.650000E+00  0.942572E+06
  0.660000E+00  0.946302E+06
  0.670000E+00  0.950055E+06
  0.680000E+00  0.953831E+06
  0.690000E+00  0.957633E+06
  0.700000E+00  0.961461E+06
  0.710000E+00  0.965317E+06
  0.720000E+00  0.969203E+06
  0.730000E+00  0.973119E+06
  0.740000E+00  0.977068E+06
  0.750000E+00  0.981051E+06
  0.760000E+00  0.985069E+06
  0.770000E+00  0.989125E+06
  0.780000E+00  0.993219E+06
  0.790000E+00  0.997354E+06
  0.800000E+00  0.100153E+07
  0.810000E+00  0.100575E+07
  0.820000E+00  0.101002E+07
  0.830000E+00  0.101433E+07
  0.840000E+00  0.101870E+07
  0.850000E+00  0.102312E+07
  0.860000E+00  0.102759E+07
  0.870000E+00  0.103211E+07
  0.880000E+00  0.103669E+07
  0.890000E+00  0.104134E+07
  0.900000E+00  0.104604E+07
  0.910000E+00  0.105081E+07
  0.920000E+00  0.105564E+07
  0.930000E+00  0.106054E+07
  0.940000E+00  0.106551E+07
  0.950000E+00  0.107056E+07
  0.960000E+00  0.107568E+07
  0.970000E+00  0.108088E+07
  0.980000E+00  0.108616E+07
  0.990000E+00  0.109152E+07
  0.100000E+01  0.109696E+07
  0.101000E+01  0.110250E+07
  0.102000E+01  0.110812E+07
  0.103000E+01  0.111384E+07
  0.104000E+01  0.111966E+07
  0.105000E+01  0.112557E+07
  0.106000E+01  0.113158E+07
  0.107000E+01  0.113770E+07
  0.108000E+01  0.114393E+07
  0.109000E+01  0.115027E+07
  0.110000E+01  0.115672E+07
  0.111000E+01  0.116329E+07
  0.112000E+01  0.116998E+07
  0.113000E+01  0.117679E+07
  0.114000E+01  0.118373E+07
  0.115000E+01  0.119079E+07
  0.116000E+01  0.119800E+07
  0.117000E+01  0.120533E+07
  0.118000E+01  0.121281E+07
  0.119000E+01  0.122044E+07
  0.120000E+01  0.122821E+07
  0.121000E+01  0.123614E+07
  0.122000E+01  0.124422E+07
  0.123000E+01  0.125246E+07
  0.124000E+01  0.126086E+07
  0.125000E+01  0.126944E+07
  0.126000E+01  0.127819E+07
  0.127000E+01  0.128711E+07
  0.128000E+01  0.129622E+07
  0.129000E+01  0.130551E+07
  0.130000E+01  0.131500E+07
  0.131000E+01  0.132468E+07
  0.132000E+01  0.133456E+07
  0.133000E+01  0.134464E+07
  0.134000E+01  0.135494E+07
  0.135000E+01  0.136546E+07
  0.136000E+01  0.137619E+07
  0.137000E+01  0.138716E+07
  0.138000E+01  0.139835E+07
  0.139000E+01  0.140978E+07
  0.140000E+01  0.142146E+07
  0.141000E+01  0.143339E+07
  0.142000E+01  0.144557E+07
  0.143000E+01  0.145802E+07
  0.144000E+01  0.147074E+07
  0.145000E+01  0.148373E+07
  0.146000E+01  0.149700E+07
  0.147000E+01  0.151057E+07
  0.148000E+01  0.152443E+07
  0.149000E+01  0.153859E+07
  0.150000E+01  0.155306E+07
  0.151000E+01  0.156785E+07
  0.152000E+01  0.158297E+07
  0.153000E+01  0.159843E+07
  0.154000E+01  0.161422E+07
  0.155000E+01  0.163037E+07
  0.156000E+01  0.164687E+07
  0.157000E+01  0.166374E+07
  0.158000E+01  0.168099E+07
  0.159000E+01  0.169863E+07
  0.160000E+01  0.171666E+07
  0.161000E+01  0.173509E+07
  0.162000E+01  0.175395E+07
  0.163000E+01  0.177322E+07
  0.164000E+01  0.179293E+07
  0.165000E+01  0.181309E+07
  0.166000E+01  0.183371E+07
  0.167000E+01  0.185479E+07
  0.168000E+01  0.187636E+07
  0.169000E+01  0.189841E+07
  0.170000E+01  0.192098E+07
  0.171000E+01  0.194405E+07
  0.172000E+01  0.196766E+07
  0.173000E+01  0.199181E+07
  0.174000E+01  0.201652E+07
  0.175000E+01  0.204179E+07
  0.176000E+01  0.206765E+07
  0.177000E+01  0.209411E+07
  0.178000E+01  0.212119E+07
  0.179000E+01  0.214889E+07
  0.180000E+01  0.217724E+07
  0.181000E+01  0.220625E+07
  0.182000E+01  0.223594E+07
  0.183000E+01  0.226633E+07
  0.184000E+01  0.229743E+07
  0.185000E+01  0.232926E+07
  0.186000E+01  0.236185E+07
  0.187000E+01  0.239520E+07
  0.188000E+01  0.242934E+07
  0.189000E+01  0.246429E+07
  0.190000E+01  0.250008E+07
  0.191000E+01  0.253671E+07
  0.192000E+01  0.257422E+07
  0.193000E+01  0.261263E+07
  0.194000E+01  0.265196E+07
  0.195000E+01  0.269224E+07
  0.196000E+01  0.273348E+07
  0.197000E+01  0.277573E+07
  0.198000E+01  0.281899E+07
  0.199000E+01  0.286330E+07
  0.200000E+01  0.290869E+07
  0.201000E+01  0.295518E+07
  0.202000E+01  0.300281E+07
  0.203000E+01  0.305160E+07
  0.204000E+01  0.310159E+07
  0.205000E+01  0.315281E+07
  0.206000E+01  0.320529E+07
  0.207000E+01  0.325906E+07
  0.208000E+01  0.331417E+07
  0.209000E+01  0.337065E+07
  0.210000E+01  0.342853E+07
  0.211000E+01  0.348786E+07
  0.212000E+01  0.354866E+07
  0.213000E+01  0.361100E+07
  0.214000E+01  0.367489E+07
  0.215000E+01  0.374040E+07
  0.216000E+01  0.380756E+07
  0.217000E+01  0.387643E+07
  0.218000E+01  0.394704E+07
  0.219000E+01  0.401944E+07
  0.220000E+01  0.409370E+07
  0.221000E+01  0.416985E+07
  0.222000E+01  0.424796E+07
  0.223000E+01  0.432807E+07
  0.224000E+01  0.441025E+07
  0.225000E+01  0.449456E+07
  0.226000E+01  0.458105E+07
  0.227000E+01  0.466979E+07
  0.228000E+01  0.476084E+07
  0.229000E+01  0.485427E+07
  0.230000E+01  0.495015E+07
  0.231000E+01  0.504855E+07
  0.232000E+01  0.514955E+07
  0.233000E+01  0.525321E+07
  0.234000E+01  0.535962E+07
  0.235000E+01  0.546886E+07
  0.236000E+01  0.558101E+07
  0.237000E+01  0.569615E+07
  0.238000E+01  0.581439E+07
  0.239000E+01  0.593580E+07
  0.240000E+01  0.606048E+07
  0.241000E+01  0.618853E+07
  0.242000E+01  0.632006E+07
  0.243000E+01  0.645516E+07
  0.244000E+01  0.659394E+07
  0.245000E+01  0.673651E+07
  0.246000E+01  0.688300E+07
  0.247000E+01  0.703351E+07
  0.248000E+01  0.718817E+07
  0.249000E+01  0.734711E+07
  0.250000E+01  0.751046E+07
  0.251000E+01  0.767836E+07
  0.252000E+01  0.785094E+07
  0.253000E+01  0.802834E+07
  0.254000E+01  0.821073E+07
  0.255000E+01  0.839825E+07
  0.256000E+01  0.859106E+07
  0.257000E+01  0.878934E+07
  0.258000E+01  0.899324E+07
  0.259000E+01  0.920295E+07
  0.260000E+01  0.941865E+07
  0.261000E+01  0.964054E+07
  0.262000E+01  0.986880E+07
  0.263000E+01  0.101036E+08
  0.264000E+01  0.103452E+08
  0.265000E+01  0.105939E+08
  0.266000E+01  0.108497E+08
  0.267000E+01  0.111130E+08
  0.268000E+01  0.113841E+08
  0.269000E+01  0.116630E+08
  0.270000E+01  0.119502E+08
  0.271000E+01  0.122458E+08
  0.272000E+01  0.125502E+08
  0.273000E+01  0.128637E+08
  0.274000E+01  0.131864E+08
  0.275000E+01  0.135188E+08
  0.276000E+01  0.138611E+08
  0.277000E+01  0.142138E+08
  0.278000E+01  0.145770E+08
  0.279000E+01  0.149513E+08
  0.280000E+01  0.153368E+08
  0.281000E+01  0.157341E+08
  0.282000E+01  0.161435E+08
  0.283000E+01  0.165654E+08
  0.284000E+01  0.170003E+08
  0.285000E+01  0.174485E+08
  0.286000E+01  0.179106E+08
  0.287000E+01  0.183869E+08
  0.288000E+01  0.188780E+08
  0.289000E+01  0.193844E+08
  0.290000E+01  0.199066E+08
  0.291000E+01  0.204452E+08
  0.292000E+01  0.210007E+08
  0.293000E+01  0.215736E+08
  0.294000E+01  0.221647E+08
  0.295000E+01  0.227744E+08
  0.296000E+01  0.234036E+08
  0.297000E+01  0.240527E+08
  0.298000E+01  0.247226E+08
  0.299000E+01  0.254140E+08
  0.300000E+01  0.261276E+08
  0.301000E+01  0.268642E+08
  0.302000E+01  0.276246E+08
  0.303000E+01  0.284096E+08
  0.304000E+01  0.292201E+08
  0.305000E+01  0.300571E+08
  0.306000E+01  0.309214E+08
  0.307000E+01  0.318141E+08
  0.308000E+01  0.327361E+08
  0.309000E+01  0.336886E+08
  0.310000E+01  0.346725E+08
  0.311000E+01  0.356890E+08
  0.312000E+01  0.367394E+08
  0.313000E+01  0.378248E+08
  0.314000E+01  0.389465E+08
  0.315000E+01  0.401058E+08
  0.316000E+01  0.413042E+08
  0.317000E+01  0.425429E+08
  0.318000E+01  0.438235E+08
  0.319000E+01  0.451476E+08
  0.320000E+01  0.465168E+08
  0.321000E+01  0.479326E+08
  0.322000E+01  0.493969E+08
  0.323000E+01  0.509114E+08
  0.324000E+01  0.524780E+08
  0.325000E+01  0.540987E+08
  0.326000E+01  0.557754E+08
  0.327000E+01  0.575104E+08
  0.328000E+01  0.593056E+08
  0.329000E+01  0.611635E+08
  0.330000E+01  0.630864E+08
  0.331000E+01  0.650767E+08
  0.332000E+01  0.671370E+08
  0.333000E+01  0.692700E+08
  0.334000E+01  0.714785E+08
  0.335000E+01  0.737652E+08
  0.336000E+01  0.761333E+08
  0.337000E+01  0.785858E+08
  0.338000E+01  0.811260E+08
  0.339000E+01  0.837573E+08
  0.340000E+01  0.864831E+08
  0.341000E+01  0.893072E+08
  0.342000E+01  0.922334E+08
  0.343000E+01  0.952656E+08
  0.344000E+01  0.984079E+08
  0.345000E+01  0.101665E+09
  0.346000E+01  0.105041E+09
  0.347000E+01  0.108540E+09
  0.348000E+01  0.112168E+09
  0.349000E+01  0.115930E+09
  0.350000E+01  0.119830E+09
  0.351000E+01  0.123875E+09
  0.352000E+01  0.128070E+09
  0.353000E+01  0.132421E+09
  0.354000E+01  0.136935E+09
  0.355000E+01  0.141617E+09
  0.356000E+01  0.146476E+09
  0.357000E+01  0.151516E+09
  0.358000E+01  0.156747E+09
  0.359000E+01  0.162176E+09
  0.360000E+01  0.167811E+09
  0.361000E+01  0.173660E+09
  0.362000E+01  0.179731E+09
  0.363000E+01  0.186035E+09
  0.364000E+01  0.192580E+09
  0.365000E+01  0.199376E+09
  0.366000E+01  0.206434E+09
  0.367000E+01  0.213764E+09
  0.368000E+01  0.221379E+09
  0.369000E+01  0.229288E+09
  0.370000E+01  0.237505E+09
  0.371000E+01  0.246043E+09
  0.372000E+01  0.254915E+09
  0.373000E+01  0.264134E+09
  0.374000E+01  0.273715E+09
  0.375000E+01  0.283674E+09
  0.376000E+01  0.294026E+09
  0.377000E+01  0.304788E+09
  0.378000E+01  0.315977E+09
  0.379000E+01  0.327611E+09
  0.380000E+01  0.339710E+09
  0.381000E+01  0.352292E+09
  0.382000E+01  0.365379E+09
  0.383000E+01  0.378991E+09
  0.384000E+01  0.393152E+09
  0.385000E+01  0.407885E+09
  0.386000E+01  0.423215E+09
  0.387000E+01  0.439167E+09
  0.388000E+01  0.455767E+09
  0.389000E+01  0.473045E+09
  0.390000E+01  0.491030E+09
  0.391000E+01  0.509751E+09
  0.392000E+01  0.529242E+09
  0.393000E+01  0.549536E+09
  0.394000E+01  0.570667E+09
  0.395000E+01  0.592673E+09
  0.396000E+01  0.615592E+09
  0.397000E+01  0.639464E+09
  0.398000E+01  0.664332E+09
  0.399000E+01  0.690238E+09
  0.400000E+01  0.717230E+09
  0.401000E+01  0.745355E+09
  0.402000E+01  0.774665E+09
  0.403000E+01  0.805210E+09
  0.404000E+01  0.837048E+09
  0.405000E+01  0.870235E+09
  0.406000E+01  0.904833E+09
  0.407000E+01  0.940904E+09
  0.408000E+01  0.978515E+09
  0.409000E+01  0.101774E+10
  0.410000E+01  0.105864E+10
  0.411000E+01  0.110130E+10
  0.412000E+01  0.114580E+10
  0.413000E+01  0.119222E+10
  0.414000E+01  0.124066E+10
  0.415000E+01  0.129119E+10
  0.416000E+01  0.134392E+10
  0.417000E+01  0.139896E+10
  0.418000E+01  0.145639E+10
  0.419000E+01  0.151635E+10
  0.420000E+01  0.157893E+10
  0.421000E+01  0.164427E+10
  0.422000E+01  0.171250E+10
  0.423000E+01  0.178373E+10
  0.424000E+01  0.185813E+10
  0.425000E+01  0.193583E+10
  0.426000E+01  0.201698E+10
  0.427000E+01  0.210176E+10
  0.428000E+01  0.219033E+10
  0.429000E+01  0.228287E+10
  0.430000E+01  0.237956E+10
  0.431000E+01  0.248061E+10
  0.432000E+01  0.258621E+10
  0.433000E+01  0.269660E+10
  0.434000E+01  0.281198E+10
  0.435000E+01  0.293261E+10
  0.436000E+01  0.305872E+10
  0.437000E+01  0.319060E+10
  0.438000E+01  0.332850E+10
  0.439000E+01  0.347272E+10
  0.440000E+01  0.362357E+10
  0.441000E+01  0.378136E+10
  0.442000E+01  0.394643E+10
  0.443000E+01  0.411914E+10
  0.444000E+01  0.429985E+10
  0.445000E+01  0.448895E+10
  0.446000E+01  0.468685E+10
  0.447000E+01  0.489398E+10
  0.448000E+01  0.511079E+10
  0.449000E+01  0.533776E+10
  0.450000E+01  0.557539E+10
  0.451000E+01  0.582420E+10
  0.452000E+01  0.608474E+10
  0.453000E+01  0.635759E+10
  0.454000E+01  0.664337E+10
  0.455000E+01  0.694271E+10
  0.456000E+01  0.725628E+10
  0.457000E+01  0.758480E+10
  0.458000E+01  0.792901E+10
  0.459000E+01  0.828970E+10
  0.460000E+01  0.866770E+10
  0.461000E+01  0.906386E+10
  0.462000E+01  0.947911E+10
  0.463000E+01  0.991440E+10
  0.464000E+01  0.103708E+11
  0.465000E+01  0.108492E+11
  0.466000E+01  0.113510E+11
  0.467000E+01  0.118771E+11
  0.468000E+01  0.124289E+11
  0.469000E+01  0.130077E+11
  0.470000E+01  0.136149E+11
  0.471000E+01  0.142519E+11
  0.472000E+01  0.149202E+11
  0.473000E+01  0.156214E+11
  0.474000E+01  0.163573E+11
  0.475000E+01  0.171297E+11
  0.476000E+01  0.179403E+11
  0.477000E+01  0.187913E+11
  0.478000E+01  0.196846E+11
  0.479000E+01  0.206225E+11
  0.480000E+01  0.216074E+11
  0.481000E+01  0.226416E+11
  0.482000E+01  0.237277E+11
  0.483000E+01  0.248685E+11
  0.484000E+01  0.260668E+11
  0.485000E+01  0.273257E+11
  0.486000E+01  0.286484E+11
  0.487000E+01  0.300381E+11
  0.488000E+01  0.314985E+11
  0.489000E+01  0.330333E+11
  0.490000E+01  0.346465E+11
  0.491000E+01  0.363421E+11
  0.492000E+01  0.381247E+11
  0.493000E+01  0.399988E+11
  0.494000E+01  0.419693E+11
  0.495000E+01  0.440415E+11
  0.496000E+01  0.462207E+11
  0.497000E+01  0.485127E+11
  0.498000E+01  0.509236E+11
  0.499000E+01  0.534599E+11
  0.500000E+01  0.561281E+11
