  0.000000E+00  0.000000E+00  0.000000E+00  0.000000E+00
  0.100000E-02  0.444288E-02  0.888581E-02  0.133285E-01
  0.200000E-02  0.888572E-02  0.177713E-01  0.266559E-01
  0.300000E-02  0.133285E-01  0.266560E-01  0.399809E-01
  0.400000E-02  0.177711E-01  0.355397E-01  0.533023E-01
  0.500000E-02  0.222135E-01  0.444220E-01  0.666190E-01
  0.600000E-02  0.266558E-01  0.533026E-01  0.799298E-01
  0.700000E-02  0.310977E-01  0.621810E-01  0.932334E-01
  0.800000E-02  0.355394E-01  0.710570E-01  0.106529E+00
  0.900000E-02  0.399807E-01  0.799302E-01  0.119815E+00
  0.100000E-01  0.444216E-01  0.888002E-01  0.133090E+00
  0.110000E-01  0.488621E-01  0.976667E-01  0.146354E+00
  0.120000E-01  0.533021E-01  0.106529E+00  0.159604E+00
  0.130000E-01  0.577415E-01  0.115388E+00  0.172840E+00
  0.140000E-01  0.621804E-01  0.124242E+00  0.186061E+00
  0.150000E-01  0.666187E-01  0.133091E+00  0.199266E+00
  0.160000E-01  0.710563E-01  0.141934E+00  0.212452E+00
  0.170000E-01  0.754932E-01  0.150773E+00  0.225620E+00
  0.180000E-01  0.799294E-01  0.159605E+00  0.238768E+00
  0.190000E-01  0.843648E-01  0.168431E+00  0.251895E+00
  0.200000E-01  0.887994E-01  0.177250E+00  0.264999E+00
  0.210000E-01  0.932330E-01  0.186062E+00  0.278079E+00
  0.220000E-01  0.976658E-01  0.194867E+00  0.291135E+00
  0.230000E-01  0.102098E+00  0.203664E+00  0.304166E+00
  0.240000E-01  0.106528E+00  0.212453E+00  0.317169E+00
  0.250000E-01  0.110958E+00  0.221234E+00  0.330144E+00
  0.260000E-01  0.115387E+00  0.230006E+00  0.343089E+00
  0.270000E-01  0.119814E+00  0.238769E+00  0.356004E+00
  0.280000E-01  0.124241E+00  0.247523E+00  0.368888E+00
  0.290000E-01  0.128666E+00  0.256266E+00  0.381738E+00
  0.300000E-01  0.133089E+00  0.265000E+00  0.394555E+00
  0.310000E-01  0.137512E+00  0.273723E+00  0.407337E+00
  0.320000E-01  0.141933E+00  0.282436E+00  0.420083E+00
  0.330000E-01  0.146353E+00  0.291137E+00  0.432791E+00
  0.340000E-01  0.150771E+00  0.299827E+00  0.445461E+00
  0.350000E-01  0.155188E+00  0.308505E+00  0.458091E+00
  0.360000E-01  0.159603E+00  0.317170E+00  0.470681E+00
  0.370000E-01  0.164017E+00  0.325823E+00  0.483228E+00
  0.380000E-01  0.168429E+00  0.334464E+00  0.495733E+00
  0.390000E-01  0.172840E+00  0.343091E+00  0.508194E+00
  0.400000E-01  0.177248E+00  0.351704E+00  0.520610E+00
  0.410000E-01  0.181655E+00  0.360304E+00  0.532979E+00
  0.420000E-01  0.186060E+00  0.368890E+00  0.545301E+00
  0.430000E-01  0.190464E+00  0.377461E+00  0.557575E+00
  0.440000E-01  0.194865E+00  0.386017E+00  0.569799E+00
  0.450000E-01  0.199265E+00  0.394557E+00  0.581973E+00
  0.460000E-01  0.203662E+00  0.403083E+00  0.594094E+00
  0.470000E-01  0.208058E+00  0.411592E+00  0.606163E+00
  0.480000E-01  0.212451E+00  0.420085E+00  0.618179E+00
  0.490000E-01  0.216843E+00  0.428561E+00  0.630139E+00
  0.500000E-01  0.221232E+00  0.437021E+00  0.642043E+00
  0.510000E-01  0.225619E+00  0.445463E+00  0.653890E+00
  0.520000E-01  0.230004E+00  0.453888E+00  0.665680E+00
  0.530000E-01  0.234387E+00  0.462295E+00  0.677410E+00
  0.540000E-01  0.238767E+00  0.470683E+00  0.689080E+00
  0.550000E-01  0.243145E+00  0.479053E+00  0.700688E+00
  0.560000E-01  0.247520E+00  0.487404E+00  0.712235E+00
  0.570000E-01  0.251894E+00  0.495736E+00  0.723718E+00
  0.580000E-01  0.256264E+00  0.504048E+00  0.735137E+00
  0.590000E-01  0.260632E+00  0.512340E+00  0.746490E+00
  0.600000E-01  0.264998E+00  0.520612E+00  0.757778E+00
  0.610000E-01  0.269361E+00  0.528864E+00  0.768998E+00
  0.620000E-01  0.273721E+00  0.537095E+00  0.780149E+00
  0.630000E-01  0.278078E+00  0.545304E+00  0.791232E+00
  0.640000E-01  0.282433E+00  0.553492E+00  0.802244E+00
  0.650000E-01  0.286785E+00  0.561658E+00  0.813185E+00
  0.660000E-01  0.291134E+00  0.569802E+00  0.824053E+00
  0.670000E-01  0.295481E+00  0.577923E+00  0.834849E+00
  0.680000E-01  0.299824E+00  0.586022E+00  0.845570E+00
  0.690000E-01  0.304164E+00  0.594097E+00  0.856216E+00
  0.700000E-01  0.308502E+00  0.602149E+00  0.866786E+00
  0.710000E-01  0.312836E+00  0.610177E+00  0.877279E+00
  0.720000E-01  0.317167E+00  0.618182E+00  0.887694E+00
  0.730000E-01  0.321495E+00  0.626161E+00  0.898031E+00
  0.740000E-01  0.325820E+00  0.634116E+00  0.908287E+00
  0.750000E-01  0.330142E+00  0.642046E+00  0.918463E+00
  0.760000E-01  0.334461E+00  0.649951E+00  0.928557E+00
  0.770000E-01  0.338776E+00  0.657830E+00  0.938569E+00
  0.780000E-01  0.343088E+00  0.665683E+00  0.948498E+00
  0.790000E-01  0.347396E+00  0.673510E+00  0.958342E+00
  0.800000E-01  0.351701E+00  0.681310E+00  0.968101E+00
  0.810000E-01  0.356003E+00  0.689083E+00  0.977774E+00
  0.820000E-01  0.360301E+00  0.696829E+00  0.987360E+00
  0.830000E-01  0.364595E+00  0.704547E+00  0.996859E+00
  0.840000E-01  0.368886E+00  0.712238E+00  0.100627E+01
  0.850000E-01  0.373174E+00  0.719901E+00  0.101559E+01
  0.860000E-01  0.377457E+00  0.727535E+00  0.102482E+01
  0.870000E-01  0.381737E+00  0.735140E+00  0.103396E+01
  0.880000E-01  0.386013E+00  0.742717E+00  0.104301E+01
  0.890000E-01  0.390285E+00  0.750264E+00  0.105196E+01
  0.900000E-01  0.394554E+00  0.757781E+00  0.106082E+01
  0.910000E-01  0.398818E+00  0.765269E+00  0.106959E+01
  0.920000E-01  0.403079E+00  0.772726E+00  0.107826E+01
  0.930000E-01  0.407335E+00  0.780153E+00  0.108684E+01
  0.940000E-01  0.411588E+00  0.787549E+00  0.109532E+01
  0.950000E-01  0.415837E+00  0.794914E+00  0.110370E+01
  0.960000E-01  0.420081E+00  0.802248E+00  0.111199E+01
  0.970000E-01  0.424321E+00  0.809550E+00  0.112017E+01
  0.980000E-01  0.428557E+00  0.816819E+00  0.112826E+01
  0.990000E-01  0.432789E+00  0.824057E+00  0.113624E+01
  0.100000E+00  0.437017E+00  0.831262E+00  0.114413E+01
  0.101000E+00  0.441240E+00  0.838435E+00  0.115191E+01
  0.102000E+00  0.445459E+00  0.845574E+00  0.115959E+01
  0.103000E+00  0.449674E+00  0.852680E+00  0.116717E+01
  0.104000E+00  0.453884E+00  0.859752E+00  0.117465E+01
  0.105000E+00  0.458089E+00  0.866790E+00  0.118202E+01
  0.106000E+00  0.462290E+00  0.873794E+00  0.118928E+01
  0.107000E+00  0.466487E+00  0.880764E+00  0.119644E+01
  0.108000E+00  0.470679E+00  0.887698E+00  0.120349E+01
  0.109000E+00  0.474866E+00  0.894598E+00  0.121044E+01
  0.110000E+00  0.479049E+00  0.901463E+00  0.121728E+01
  0.111000E+00  0.483226E+00  0.908291E+00  0.122401E+01
  0.112000E+00  0.487400E+00  0.915084E+00  0.123063E+01
  0.113000E+00  0.491568E+00  0.921841E+00  0.123714E+01
  0.114000E+00  0.495731E+00  0.928562E+00  0.124355E+01
  0.115000E+00  0.499890E+00  0.935245E+00  0.124984E+01
  0.116000E+00  0.504043E+00  0.941892E+00  0.125602E+01
  0.117000E+00  0.508192E+00  0.948502E+00  0.126209E+01
  0.118000E+00  0.512336E+00  0.955074E+00  0.126805E+01
  0.119000E+00  0.516474E+00  0.961609E+00  0.127389E+01
  0.120000E+00  0.520608E+00  0.968105E+00  0.127962E+01
  0.121000E+00  0.524736E+00  0.974563E+00  0.128524E+01
  0.122000E+00  0.528859E+00  0.980983E+00  0.129075E+01
  0.123000E+00  0.532977E+00  0.987364E+00  0.129614E+01
  0.124000E+00  0.537090E+00  0.993707E+00  0.130141E+01
  0.125000E+00  0.541197E+00  0.100001E+01  0.130657E+01
  0.126000E+00  0.545299E+00  0.100627E+01  0.131161E+01
  0.127000E+00  0.549396E+00  0.101250E+01  0.131654E+01
  0.128000E+00  0.553487E+00  0.101868E+01  0.132135E+01
  0.129000E+00  0.557573E+00  0.102482E+01  0.132604E+01
  0.130000E+00  0.561653E+00  0.103093E+01  0.133061E+01
  0.131000E+00  0.565728E+00  0.103699E+01  0.133507E+01
  0.132000E+00  0.569797E+00  0.104301E+01  0.133940E+01
  0.133000E+00  0.573860E+00  0.104899E+01  0.134362E+01
  0.134000E+00  0.577918E+00  0.105493E+01  0.134772E+01
  0.135000E+00  0.581970E+00  0.106083E+01  0.135170E+01
  0.136000E+00  0.586017E+00  0.106668E+01  0.135556E+01
  0.137000E+00  0.590057E+00  0.107250E+01  0.135930E+01
  0.138000E+00  0.594092E+00  0.107827E+01  0.136292E+01
  0.139000E+00  0.598121E+00  0.108399E+01  0.136641E+01
  0.140000E+00  0.602144E+00  0.108968E+01  0.136979E+01
  0.141000E+00  0.606161E+00  0.109532E+01  0.137304E+01
  0.142000E+00  0.610172E+00  0.110092E+01  0.137617E+01
  0.143000E+00  0.614177E+00  0.110648E+01  0.137918E+01
  0.144000E+00  0.618176E+00  0.111199E+01  0.138207E+01
  0.145000E+00  0.622169E+00  0.111746E+01  0.138483E+01
  0.146000E+00  0.626156E+00  0.112288E+01  0.138748E+01
  0.147000E+00  0.630136E+00  0.112826E+01  0.138999E+01
  0.148000E+00  0.634111E+00  0.113360E+01  0.139239E+01
  0.149000E+00  0.638079E+00  0.113889E+01  0.139466E+01
  0.150000E+00  0.642041E+00  0.114413E+01  0.139681E+01
  0.151000E+00  0.645996E+00  0.114933E+01  0.139883E+01
  0.152000E+00  0.649945E+00  0.115449E+01  0.140073E+01
  0.153000E+00  0.653888E+00  0.115960E+01  0.140250E+01
  0.154000E+00  0.657824E+00  0.116466E+01  0.140415E+01
  0.155000E+00  0.661754E+00  0.116968E+01  0.140568E+01
  0.156000E+00  0.665677E+00  0.117465E+01  0.140708E+01
  0.157000E+00  0.669594E+00  0.117958E+01  0.140835E+01
  0.158000E+00  0.673504E+00  0.118445E+01  0.140950E+01
  0.159000E+00  0.677407E+00  0.118929E+01  0.141053E+01
  0.160000E+00  0.681304E+00  0.119407E+01  0.141143E+01
  0.161000E+00  0.685194E+00  0.119881E+01  0.141220E+01
  0.162000E+00  0.689077E+00  0.120350E+01  0.141285E+01
  0.163000E+00  0.692953E+00  0.120814E+01  0.141337E+01
  0.164000E+00  0.696823E+00  0.121274E+01  0.141377E+01
  0.165000E+00  0.700686E+00  0.121728E+01  0.141404E+01
  0.166000E+00  0.704541E+00  0.122178E+01  0.141419E+01
  0.167000E+00  0.708390E+00  0.122623E+01  0.141421E+01
  0.168000E+00  0.712232E+00  0.123064E+01  0.141410E+01
  0.169000E+00  0.716067E+00  0.123499E+01  0.141387E+01
  0.170000E+00  0.719895E+00  0.123929E+01  0.141352E+01
  0.171000E+00  0.723715E+00  0.124355E+01  0.141304E+01
  0.172000E+00  0.727529E+00  0.124776E+01  0.141243E+01
  0.173000E+00  0.731335E+00  0.125192E+01  0.141170E+01
  0.174000E+00  0.735134E+00  0.125602E+01  0.141084E+01
  0.175000E+00  0.738926E+00  0.126008E+01  0.140986E+01
  0.176000E+00  0.742710E+00  0.126409E+01  0.140875E+01
  0.177000E+00  0.746488E+00  0.126805E+01  0.140751E+01
  0.178000E+00  0.750257E+00  0.127196E+01  0.140616E+01
  0.179000E+00  0.754020E+00  0.127582E+01  0.140467E+01
  0.180000E+00  0.757775E+00  0.127963E+01  0.140306E+01
  0.181000E+00  0.761522E+00  0.128339E+01  0.140133E+01
  0.182000E+00  0.765262E+00  0.128709E+01  0.139947E+01
  0.183000E+00  0.768995E+00  0.129075E+01  0.139749E+01
  0.184000E+00  0.772720E+00  0.129436E+01  0.139539E+01
  0.185000E+00  0.776437E+00  0.129791E+01  0.139316E+01
  0.186000E+00  0.780146E+00  0.130141E+01  0.139080E+01
  0.187000E+00  0.783848E+00  0.130487E+01  0.138833E+01
  0.188000E+00  0.787542E+00  0.130827E+01  0.138573E+01
  0.189000E+00  0.791229E+00  0.131162E+01  0.138300E+01
  0.190000E+00  0.794907E+00  0.131491E+01  0.138016E+01
  0.191000E+00  0.798578E+00  0.131816E+01  0.137719E+01
  0.192000E+00  0.802241E+00  0.132135E+01  0.137410E+01
  0.193000E+00  0.805896E+00  0.132449E+01  0.137088E+01
  0.194000E+00  0.809543E+00  0.132758E+01  0.136755E+01
  0.195000E+00  0.813182E+00  0.133062E+01  0.136409E+01
  0.196000E+00  0.816813E+00  0.133360E+01  0.136051E+01
  0.197000E+00  0.820435E+00  0.133653E+01  0.135681E+01
  0.198000E+00  0.824050E+00  0.133941E+01  0.135299E+01
  0.199000E+00  0.827657E+00  0.134223E+01  0.134906E+01
  0.200000E+00  0.831255E+00  0.134501E+01  0.134500E+01
  0.201000E+00  0.834846E+00  0.134773E+01  0.134082E+01
  0.202000E+00  0.838428E+00  0.135039E+01  0.133652E+01
  0.203000E+00  0.842001E+00  0.135300E+01  0.133210E+01
  0.204000E+00  0.845567E+00  0.135556E+01  0.132757E+01
  0.205000E+00  0.849124E+00  0.135807E+01  0.132292E+01
  0.206000E+00  0.852673E+00  0.136052E+01  0.131815E+01
  0.207000E+00  0.856213E+00  0.136292E+01  0.131326E+01
  0.208000E+00  0.859745E+00  0.136526E+01  0.130826E+01
  0.209000E+00  0.863268E+00  0.136756E+01  0.130314E+01
  0.210000E+00  0.866783E+00  0.136979E+01  0.129790E+01
  0.211000E+00  0.870289E+00  0.137197E+01  0.129255E+01
  0.212000E+00  0.873787E+00  0.137410E+01  0.128708E+01
  0.213000E+00  0.877276E+00  0.137618E+01  0.128150E+01
  0.214000E+00  0.880756E+00  0.137820E+01  0.127581E+01
  0.215000E+00  0.884228E+00  0.138016E+01  0.127000E+01
  0.216000E+00  0.887691E+00  0.138207E+01  0.126408E+01
  0.217000E+00  0.891145E+00  0.138393E+01  0.125805E+01
  0.218000E+00  0.894591E+00  0.138573E+01  0.125190E+01
  0.219000E+00  0.898027E+00  0.138748E+01  0.124565E+01
  0.220000E+00  0.901455E+00  0.138917E+01  0.123928E+01
  0.221000E+00  0.904874E+00  0.139081E+01  0.123281E+01
  0.222000E+00  0.908284E+00  0.139239E+01  0.122622E+01
  0.223000E+00  0.911685E+00  0.139392E+01  0.121953E+01
  0.224000E+00  0.915077E+00  0.139539E+01  0.121272E+01
  0.225000E+00  0.918460E+00  0.139681E+01  0.120581E+01
  0.226000E+00  0.921834E+00  0.139817E+01  0.119879E+01
  0.227000E+00  0.925198E+00  0.139948E+01  0.119167E+01
  0.228000E+00  0.928554E+00  0.140073E+01  0.118444E+01
  0.229000E+00  0.931900E+00  0.140193E+01  0.117710E+01
  0.230000E+00  0.935238E+00  0.140307E+01  0.116966E+01
  0.231000E+00  0.938566E+00  0.140416E+01  0.116212E+01
  0.232000E+00  0.941885E+00  0.140519E+01  0.115447E+01
  0.233000E+00  0.945194E+00  0.140616E+01  0.114672E+01
  0.234000E+00  0.948494E+00  0.140708E+01  0.113887E+01
  0.235000E+00  0.951785E+00  0.140794E+01  0.113092E+01
  0.236000E+00  0.955066E+00  0.140875E+01  0.112287E+01
  0.237000E+00  0.958338E+00  0.140950E+01  0.111471E+01
  0.238000E+00  0.961601E+00  0.141020E+01  0.110646E+01
  0.239000E+00  0.964854E+00  0.141084E+01  0.109811E+01
  0.240000E+00  0.968097E+00  0.141143E+01  0.108966E+01
  0.241000E+00  0.971331E+00  0.141196E+01  0.108112E+01
  0.242000E+00  0.974556E+00  0.141243E+01  0.107248E+01
  0.243000E+00  0.977770E+00  0.141285E+01  0.106374E+01
  0.244000E+00  0.980975E+00  0.141321E+01  0.105491E+01
  0.245000E+00  0.984171E+00  0.141352E+01  0.104599E+01
  0.246000E+00  0.987357E+00  0.141377E+01  0.103697E+01
  0.247000E+00  0.990533E+00  0.141397E+01  0.102786E+01
  0.248000E+00  0.993699E+00  0.141411E+01  0.101866E+01
  0.249000E+00  0.996855E+00  0.141419E+01  0.100937E+01
  0.250000E+00  0.100000E+01  0.141422E+01  0.999993E+00
  0.251000E+00  0.100314E+01  0.141419E+01  0.990523E+00
  0.252000E+00  0.100626E+01  0.141411E+01  0.980966E+00
  0.253000E+00  0.100938E+01  0.141397E+01  0.971322E+00
  0.254000E+00  0.101249E+01  0.141377E+01  0.961591E+00
  0.255000E+00  0.101559E+01  0.141352E+01  0.951775E+00
  0.256000E+00  0.101867E+01  0.141321E+01  0.941875E+00
  0.257000E+00  0.102175E+01  0.141285E+01  0.931891E+00
  0.258000E+00  0.102482E+01  0.141243E+01  0.921824E+00
  0.259000E+00  0.102787E+01  0.141196E+01  0.911675E+00
  0.260000E+00  0.103092E+01  0.141143E+01  0.901445E+00
  0.261000E+00  0.103396E+01  0.141084E+01  0.891135E+00
  0.262000E+00  0.103698E+01  0.141020E+01  0.880746E+00
  0.263000E+00  0.104000E+01  0.140950E+01  0.870278E+00
  0.264000E+00  0.104300E+01  0.140875E+01  0.859734E+00
  0.265000E+00  0.104600E+01  0.140794E+01  0.849113E+00
  0.266000E+00  0.104898E+01  0.140708E+01  0.838416E+00
  0.267000E+00  0.105196E+01  0.140616E+01  0.827646E+00
  0.268000E+00  0.105492E+01  0.140518E+01  0.816801E+00
  0.269000E+00  0.105788E+01  0.140415E+01  0.805884E+00
  0.270000E+00  0.106082E+01  0.140307E+01  0.794896E+00
  0.271000E+00  0.106375E+01  0.140192E+01  0.783837E+00
  0.272000E+00  0.106667E+01  0.140073E+01  0.772708E+00
  0.273000E+00  0.106959E+01  0.139947E+01  0.761510E+00
  0.274000E+00  0.107249E+01  0.139817E+01  0.750245E+00
  0.275000E+00  0.107538E+01  0.139680E+01  0.738914E+00
  0.276000E+00  0.107826E+01  0.139539E+01  0.727516E+00
  0.277000E+00  0.108113E+01  0.139391E+01  0.716054E+00
  0.278000E+00  0.108399E+01  0.139239E+01  0.704529E+00
  0.279000E+00  0.108683E+01  0.139080E+01  0.692941E+00
  0.280000E+00  0.108967E+01  0.138917E+01  0.681291E+00
  0.281000E+00  0.109250E+01  0.138747E+01  0.669581E+00
  0.282000E+00  0.109531E+01  0.138573E+01  0.657811E+00
  0.283000E+00  0.109812E+01  0.138392E+01  0.645983E+00
  0.284000E+00  0.110091E+01  0.138207E+01  0.634097E+00
  0.285000E+00  0.110370E+01  0.138016E+01  0.622156E+00
  0.286000E+00  0.110647E+01  0.137819E+01  0.610159E+00
  0.287000E+00  0.110923E+01  0.137617E+01  0.598107E+00
  0.288000E+00  0.111198E+01  0.137410E+01  0.586003E+00
  0.289000E+00  0.111472E+01  0.137197E+01  0.573846E+00
  0.290000E+00  0.111745E+01  0.136978E+01  0.561639E+00
  0.291000E+00  0.112017E+01  0.136755E+01  0.549382E+00
  0.292000E+00  0.112287E+01  0.136526E+01  0.537075E+00
  0.293000E+00  0.112557E+01  0.136291E+01  0.524722E+00
  0.294000E+00  0.112825E+01  0.136051E+01  0.512321E+00
  0.295000E+00  0.113093E+01  0.135806E+01  0.499875E+00
  0.296000E+00  0.113359E+01  0.135555E+01  0.487385E+00
  0.297000E+00  0.113624E+01  0.135299E+01  0.474851E+00
  0.298000E+00  0.113888E+01  0.135038E+01  0.462275E+00
  0.299000E+00  0.114151E+01  0.134772E+01  0.449659E+00
  0.300000E+00  0.114412E+01  0.134500E+01  0.437002E+00
  0.301000E+00  0.114673E+01  0.134222E+01  0.424306E+00
  0.302000E+00  0.114932E+01  0.133940E+01  0.411573E+00
  0.303000E+00  0.115191E+01  0.133652E+01  0.398803E+00
  0.304000E+00  0.115448E+01  0.133359E+01  0.385998E+00
  0.305000E+00  0.115704E+01  0.133060E+01  0.373158E+00
  0.306000E+00  0.115959E+01  0.132757E+01  0.360285E+00
  0.307000E+00  0.116213E+01  0.132448E+01  0.347380E+00
  0.308000E+00  0.116465E+01  0.132134E+01  0.334445E+00
  0.309000E+00  0.116717E+01  0.131815E+01  0.321480E+00
  0.310000E+00  0.116967E+01  0.131490E+01  0.308486E+00
  0.311000E+00  0.117216E+01  0.131160E+01  0.295464E+00
  0.312000E+00  0.117464E+01  0.130825E+01  0.282417E+00
  0.313000E+00  0.117711E+01  0.130485E+01  0.269344E+00
  0.314000E+00  0.117957E+01  0.130140E+01  0.256248E+00
  0.315000E+00  0.118201E+01  0.129790E+01  0.243128E+00
  0.316000E+00  0.118445E+01  0.129434E+01  0.229988E+00
  0.317000E+00  0.118687E+01  0.129074E+01  0.216826E+00
  0.318000E+00  0.118928E+01  0.128708E+01  0.203646E+00
  0.319000E+00  0.119168E+01  0.128337E+01  0.190447E+00
  0.320000E+00  0.119406E+01  0.127961E+01  0.177231E+00
  0.321000E+00  0.119644E+01  0.127581E+01  0.164000E+00
  0.322000E+00  0.119880E+01  0.127195E+01  0.150754E+00
  0.323000E+00  0.120115E+01  0.126804E+01  0.137495E+00
  0.324000E+00  0.120349E+01  0.126408E+01  0.124223E+00
  0.325000E+00  0.120582E+01  0.126007E+01  0.110941E+00
  0.326000E+00  0.120813E+01  0.125601E+01  0.976486E-01
  0.327000E+00  0.121044E+01  0.125190E+01  0.843475E-01
  0.328000E+00  0.121273E+01  0.124774E+01  0.710389E-01
  0.329000E+00  0.121501E+01  0.124354E+01  0.577241E-01
  0.330000E+00  0.121727E+01  0.123928E+01  0.444041E-01
  0.331000E+00  0.121953E+01  0.123497E+01  0.310802E-01
  0.332000E+00  0.122177E+01  0.123062E+01  0.177535E-01
  0.333000E+00  0.122401E+01  0.122622E+01  0.442521E-02
  0.334000E+00  0.122622E+01  0.122177E+01 -0.890345E-02
  0.335000E+00  0.122843E+01  0.121727E+01 -0.222313E-01
  0.336000E+00  0.123063E+01  0.121272E+01 -0.355572E-01
  0.337000E+00  0.123281E+01  0.120812E+01 -0.488800E-01
  0.338000E+00  0.123498E+01  0.120348E+01 -0.621984E-01
  0.339000E+00  0.123714E+01  0.119879E+01 -0.755112E-01
  0.340000E+00  0.123929E+01  0.119405E+01 -0.888174E-01
  0.341000E+00  0.124142E+01  0.118927E+01 -0.102116E+00
  0.342000E+00  0.124354E+01  0.118444E+01 -0.115405E+00
  0.343000E+00  0.124565E+01  0.117956E+01 -0.128684E+00
  0.344000E+00  0.124775E+01  0.117463E+01 -0.141951E+00
  0.345000E+00  0.124983E+01  0.116966E+01 -0.155206E+00
  0.346000E+00  0.125191E+01  0.116464E+01 -0.168447E+00
  0.347000E+00  0.125397E+01  0.115958E+01 -0.181674E+00
  0.348000E+00  0.125602E+01  0.115447E+01 -0.194884E+00
  0.349000E+00  0.125805E+01  0.114931E+01 -0.208076E+00
  0.350000E+00  0.126008E+01  0.114411E+01 -0.221251E+00
  0.351000E+00  0.126209E+01  0.113887E+01 -0.234405E+00
  0.352000E+00  0.126408E+01  0.113358E+01 -0.247539E+00
  0.353000E+00  0.126607E+01  0.112824E+01 -0.260651E+00
  0.354000E+00  0.126804E+01  0.112286E+01 -0.273739E+00
  0.355000E+00  0.127000E+01  0.111744E+01 -0.286804E+00
  0.356000E+00  0.127195E+01  0.111197E+01 -0.299842E+00
  0.357000E+00  0.127389E+01  0.110646E+01 -0.312855E+00
  0.358000E+00  0.127581E+01  0.110090E+01 -0.325839E+00
  0.359000E+00  0.127772E+01  0.109530E+01 -0.338794E+00
  0.360000E+00  0.127962E+01  0.108966E+01 -0.351720E+00
  0.361000E+00  0.128151E+01  0.108397E+01 -0.364614E+00
  0.362000E+00  0.128338E+01  0.107825E+01 -0.377476E+00
  0.363000E+00  0.128524E+01  0.107247E+01 -0.390304E+00
  0.364000E+00  0.128709E+01  0.106666E+01 -0.403097E+00
  0.365000E+00  0.128892E+01  0.106081E+01 -0.415855E+00
  0.366000E+00  0.129074E+01  0.105491E+01 -0.428576E+00
  0.367000E+00  0.129255E+01  0.104897E+01 -0.441259E+00
  0.368000E+00  0.129435E+01  0.104299E+01 -0.453902E+00
  0.369000E+00  0.129613E+01  0.103697E+01 -0.466505E+00
  0.370000E+00  0.129790E+01  0.103090E+01 -0.479067E+00
  0.371000E+00  0.129966E+01  0.102480E+01 -0.491586E+00
  0.372000E+00  0.130141E+01  0.101866E+01 -0.504062E+00
  0.373000E+00  0.130314E+01  0.101247E+01 -0.516493E+00
  0.374000E+00  0.130486E+01  0.100625E+01 -0.528878E+00
  0.375000E+00  0.130656E+01  0.999986E+00 -0.541216E+00
  0.376000E+00  0.130826E+01  0.993683E+00 -0.553505E+00
  0.377000E+00  0.130994E+01  0.987341E+00 -0.565746E+00
  0.378000E+00  0.131161E+01  0.980960E+00 -0.577937E+00
  0.379000E+00  0.131326E+01  0.974540E+00 -0.590076E+00
  0.380000E+00  0.131490E+01  0.968081E+00 -0.602162E+00
  0.381000E+00  0.131653E+01  0.961584E+00 -0.614195E+00
  0.382000E+00  0.131815E+01  0.955050E+00 -0.626174E+00
  0.383000E+00  0.131975E+01  0.948477E+00 -0.638097E+00
  0.384000E+00  0.132134E+01  0.941868E+00 -0.649963E+00
  0.385000E+00  0.132292E+01  0.935221E+00 -0.661772E+00
  0.386000E+00  0.132448E+01  0.928537E+00 -0.673522E+00
  0.387000E+00  0.132603E+01  0.921816E+00 -0.685212E+00
  0.388000E+00  0.132757E+01  0.915059E+00 -0.696841E+00
  0.389000E+00  0.132910E+01  0.908266E+00 -0.708408E+00
  0.390000E+00  0.133061E+01  0.901437E+00 -0.719913E+00
  0.391000E+00  0.133211E+01  0.894573E+00 -0.731353E+00
  0.392000E+00  0.133359E+01  0.887673E+00 -0.742728E+00
  0.393000E+00  0.133506E+01  0.880738E+00 -0.754038E+00
  0.394000E+00  0.133652E+01  0.873768E+00 -0.765280E+00
  0.395000E+00  0.133797E+01  0.866764E+00 -0.776455E+00
  0.396000E+00  0.133940E+01  0.859726E+00 -0.787560E+00
  0.397000E+00  0.134082E+01  0.852653E+00 -0.798596E+00
  0.398000E+00  0.134223E+01  0.845547E+00 -0.809560E+00
  0.399000E+00  0.134362E+01  0.838408E+00 -0.820453E+00
  0.400000E+00  0.134500E+01  0.831236E+00 -0.831273E+00
  0.401000E+00  0.134636E+01  0.824030E+00 -0.842019E+00
  0.402000E+00  0.134772E+01  0.816793E+00 -0.852690E+00
  0.403000E+00  0.134906E+01  0.809522E+00 -0.863285E+00
  0.404000E+00  0.135038E+01  0.802220E+00 -0.873804E+00
  0.405000E+00  0.135170E+01  0.794887E+00 -0.884245E+00
  0.406000E+00  0.135300E+01  0.787522E+00 -0.894608E+00
  0.407000E+00  0.135428E+01  0.780126E+00 -0.904891E+00
  0.408000E+00  0.135556E+01  0.772699E+00 -0.915094E+00
  0.409000E+00  0.135682E+01  0.765241E+00 -0.925215E+00
  0.410000E+00  0.135806E+01  0.757754E+00 -0.935254E+00
  0.411000E+00  0.135929E+01  0.750236E+00 -0.945211E+00
  0.412000E+00  0.136051E+01  0.742689E+00 -0.955083E+00
  0.413000E+00  0.136172E+01  0.735112E+00 -0.964870E+00
  0.414000E+00  0.136291E+01  0.727507E+00 -0.974572E+00
  0.415000E+00  0.136409E+01  0.719872E+00 -0.984187E+00
  0.416000E+00  0.136526E+01  0.712210E+00 -0.993715E+00
  0.417000E+00  0.136641E+01  0.704519E+00 -0.100315E+01
  0.418000E+00  0.136755E+01  0.696800E+00 -0.101250E+01
  0.419000E+00  0.136867E+01  0.689054E+00 -0.102176E+01
  0.420000E+00  0.136978E+01  0.681281E+00 -0.103093E+01
  0.421000E+00  0.137088E+01  0.673481E+00 -0.104001E+01
  0.422000E+00  0.137197E+01  0.665654E+00 -0.104900E+01
  0.423000E+00  0.137304E+01  0.657801E+00 -0.105789E+01
  0.424000E+00  0.137410E+01  0.649922E+00 -0.106669E+01
  0.425000E+00  0.137514E+01  0.642017E+00 -0.107539E+01
  0.426000E+00  0.137617E+01  0.634087E+00 -0.108400E+01
  0.427000E+00  0.137719E+01  0.626132E+00 -0.109251E+01
  0.428000E+00  0.137819E+01  0.618152E+00 -0.110093E+01
  0.429000E+00  0.137918E+01  0.610148E+00 -0.110925E+01
  0.430000E+00  0.138016E+01  0.602119E+00 -0.111746E+01
  0.431000E+00  0.138112E+01  0.594067E+00 -0.112558E+01
  0.432000E+00  0.138207E+01  0.585992E+00 -0.113360E+01
  0.433000E+00  0.138300E+01  0.577893E+00 -0.114152E+01
  0.434000E+00  0.138392E+01  0.569772E+00 -0.114934E+01
  0.435000E+00  0.138483E+01  0.561628E+00 -0.115705E+01
  0.436000E+00  0.138573E+01  0.553462E+00 -0.116467E+01
  0.437000E+00  0.138661E+01  0.545274E+00 -0.117218E+01
  0.438000E+00  0.138747E+01  0.537064E+00 -0.117958E+01
  0.439000E+00  0.138833E+01  0.528833E+00 -0.118688E+01
  0.440000E+00  0.138917E+01  0.520582E+00 -0.119407E+01
  0.441000E+00  0.138999E+01  0.512310E+00 -0.120116E+01
  0.442000E+00  0.139080E+01  0.504017E+00 -0.120815E+01
  0.443000E+00  0.139160E+01  0.495705E+00 -0.121502E+01
  0.444000E+00  0.139239E+01  0.487373E+00 -0.122179E+01
  0.445000E+00  0.139316E+01  0.479022E+00 -0.122844E+01
  0.446000E+00  0.139391E+01  0.470652E+00 -0.123499E+01
  0.447000E+00  0.139466E+01  0.462263E+00 -0.124143E+01
  0.448000E+00  0.139539E+01  0.453857E+00 -0.124776E+01
  0.449000E+00  0.139610E+01  0.445432E+00 -0.125398E+01
  0.450000E+00  0.139680E+01  0.436989E+00 -0.126009E+01
  0.451000E+00  0.139749E+01  0.428530E+00 -0.126608E+01
  0.452000E+00  0.139817E+01  0.420053E+00 -0.127196E+01
  0.453000E+00  0.139883E+01  0.411560E+00 -0.127773E+01
  0.454000E+00  0.139947E+01  0.403051E+00 -0.128339E+01
  0.455000E+00  0.140011E+01  0.394526E+00 -0.128893E+01
  0.456000E+00  0.140073E+01  0.385985E+00 -0.129436E+01
  0.457000E+00  0.140133E+01  0.377429E+00 -0.129967E+01
  0.458000E+00  0.140192E+01  0.368858E+00 -0.130487E+01
  0.459000E+00  0.140250E+01  0.360272E+00 -0.130995E+01
  0.460000E+00  0.140306E+01  0.351673E+00 -0.131491E+01
  0.461000E+00  0.140361E+01  0.343059E+00 -0.131976E+01
  0.462000E+00  0.140415E+01  0.334432E+00 -0.132449E+01
  0.463000E+00  0.140467E+01  0.325791E+00 -0.132911E+01
  0.464000E+00  0.140518E+01  0.317138E+00 -0.133360E+01
  0.465000E+00  0.140567E+01  0.308472E+00 -0.133798E+01
  0.466000E+00  0.140615E+01  0.299794E+00 -0.134224E+01
  0.467000E+00  0.140662E+01  0.291105E+00 -0.134637E+01
  0.468000E+00  0.140707E+01  0.282403E+00 -0.135039E+01
  0.469000E+00  0.140751E+01  0.273691E+00 -0.135429E+01
  0.470000E+00  0.140794E+01  0.264968E+00 -0.135807E+01
  0.471000E+00  0.140835E+01  0.256234E+00 -0.136173E+01
  0.472000E+00  0.140875E+01  0.247490E+00 -0.136527E+01
  0.473000E+00  0.140913E+01  0.238737E+00 -0.136868E+01
  0.474000E+00  0.140950E+01  0.229974E+00 -0.137198E+01
  0.475000E+00  0.140986E+01  0.221202E+00 -0.137515E+01
  0.476000E+00  0.141020E+01  0.212421E+00 -0.137820E+01
  0.477000E+00  0.141052E+01  0.203632E+00 -0.138113E+01
  0.478000E+00  0.141084E+01  0.194834E+00 -0.138393E+01
  0.479000E+00  0.141114E+01  0.186029E+00 -0.138661E+01
  0.480000E+00  0.141142E+01  0.177217E+00 -0.138917E+01
  0.481000E+00  0.141170E+01  0.168398E+00 -0.139161E+01
  0.482000E+00  0.141195E+01  0.159572E+00 -0.139392E+01
  0.483000E+00  0.141220E+01  0.150740E+00 -0.139611E+01
  0.484000E+00  0.141243E+01  0.141902E+00 -0.139817E+01
  0.485000E+00  0.141264E+01  0.133058E+00 -0.140011E+01
  0.486000E+00  0.141285E+01  0.124209E+00 -0.140193E+01
  0.487000E+00  0.141304E+01  0.115355E+00 -0.140362E+01
  0.488000E+00  0.141321E+01  0.106497E+00 -0.140518E+01
  0.489000E+00  0.141337E+01  0.976338E-01 -0.140663E+01
  0.490000E+00  0.141352E+01  0.887673E-01 -0.140794E+01
  0.491000E+00  0.141365E+01  0.798973E-01 -0.140913E+01
  0.492000E+00  0.141377E+01  0.710241E-01 -0.141020E+01
  0.493000E+00  0.141387E+01  0.621481E-01 -0.141114E+01
  0.494000E+00  0.141396E+01  0.532696E-01 -0.141196E+01
  0.495000E+00  0.141404E+01  0.443891E-01 -0.141265E+01
  0.496000E+00  0.141410E+01  0.355068E-01 -0.141321E+01
  0.497000E+00  0.141415E+01  0.266231E-01 -0.141365E+01
  0.498000E+00  0.141419E+01  0.177383E-01 -0.141397E+01
  0.499000E+00  0.141421E+01  0.885285E-02 -0.141415E+01
  0.500000E+00  0.141421E+01 -0.329580E-04 -0.141422E+01
  0.501000E+00  0.141421E+01 -0.891876E-02 -0.141415E+01
  0.502000E+00  0.141419E+01 -0.178042E-01 -0.141396E+01
  0.503000E+00  0.141415E+01 -0.266890E-01 -0.141365E+01
  0.504000E+00  0.141410E+01 -0.355727E-01 -0.141321E+01
  0.505000E+00  0.141404E+01 -0.444550E-01 -0.141265E+01
  0.506000E+00  0.141396E+01 -0.533355E-01 -0.141195E+01
  0.507000E+00  0.141387E+01 -0.622139E-01 -0.141114E+01
  0.508000E+00  0.141377E+01 -0.710899E-01 -0.141020E+01
  0.509000E+00  0.141365E+01 -0.799631E-01 -0.140913E+01
  0.510000E+00  0.141352E+01 -0.888331E-01 -0.140794E+01
  0.511000E+00  0.141337E+01 -0.976996E-01 -0.140662E+01
  0.512000E+00  0.141321E+01 -0.106562E+00 -0.140518E+01
  0.513000E+00  0.141304E+01 -0.115421E+00 -0.140361E+01
  0.514000E+00  0.141285E+01 -0.124275E+00 -0.140192E+01
  0.515000E+00  0.141264E+01 -0.133124E+00 -0.140010E+01
  0.516000E+00  0.141243E+01 -0.141967E+00 -0.139816E+01
  0.517000E+00  0.141220E+01 -0.150805E+00 -0.139610E+01
  0.518000E+00  0.141195E+01 -0.159638E+00 -0.139391E+01
  0.519000E+00  0.141170E+01 -0.168463E+00 -0.139160E+01
  0.520000E+00  0.141142E+01 -0.177283E+00 -0.138916E+01
  0.521000E+00  0.141114E+01 -0.186095E+00 -0.138660E+01
  0.522000E+00  0.141084E+01 -0.194900E+00 -0.138392E+01
  0.523000E+00  0.141052E+01 -0.203697E+00 -0.138111E+01
  0.524000E+00  0.141020E+01 -0.212486E+00 -0.137819E+01
  0.525000E+00  0.140985E+01 -0.221267E+00 -0.137513E+01
  0.526000E+00  0.140950E+01 -0.230039E+00 -0.137196E+01
  0.527000E+00  0.140913E+01 -0.238802E+00 -0.136867E+01
  0.528000E+00  0.140875E+01 -0.247555E+00 -0.136525E+01
  0.529000E+00  0.140835E+01 -0.256299E+00 -0.136171E+01
  0.530000E+00  0.140794E+01 -0.265032E+00 -0.135806E+01
  0.531000E+00  0.140751E+01 -0.273756E+00 -0.135428E+01
  0.532000E+00  0.140707E+01 -0.282468E+00 -0.135038E+01
  0.533000E+00  0.140662E+01 -0.291169E+00 -0.134636E+01
  0.534000E+00  0.140615E+01 -0.299859E+00 -0.134222E+01
  0.535000E+00  0.140567E+01 -0.308537E+00 -0.133796E+01
  0.536000E+00  0.140518E+01 -0.317202E+00 -0.133358E+01
  0.537000E+00  0.140467E+01 -0.325856E+00 -0.132909E+01
  0.538000E+00  0.140415E+01 -0.334496E+00 -0.132447E+01
  0.539000E+00  0.140361E+01 -0.343123E+00 -0.131974E+01
  0.540000E+00  0.140306E+01 -0.351736E+00 -0.131489E+01
  0.541000E+00  0.140250E+01 -0.360336E+00 -0.130993E+01
  0.542000E+00  0.140192E+01 -0.368921E+00 -0.130485E+01
  0.543000E+00  0.140133E+01 -0.377492E+00 -0.129965E+01
  0.544000E+00  0.140072E+01 -0.386048E+00 -0.129434E+01
  0.545000E+00  0.140011E+01 -0.394589E+00 -0.128891E+01
  0.546000E+00  0.139947E+01 -0.403114E+00 -0.128337E+01
  0.547000E+00  0.139883E+01 -0.411623E+00 -0.127771E+01
  0.548000E+00  0.139817E+01 -0.420116E+00 -0.127194E+01
  0.549000E+00  0.139749E+01 -0.428593E+00 -0.126606E+01
  0.550000E+00  0.139680E+01 -0.437052E+00 -0.126006E+01
  0.551000E+00  0.139610E+01 -0.445494E+00 -0.125396E+01
  0.552000E+00  0.139539E+01 -0.453919E+00 -0.124774E+01
  0.553000E+00  0.139466E+01 -0.462326E+00 -0.124141E+01
  0.554000E+00  0.139391E+01 -0.470714E+00 -0.123497E+01
  0.555000E+00  0.139316E+01 -0.479084E+00 -0.122842E+01
  0.556000E+00  0.139238E+01 -0.487435E+00 -0.122176E+01
  0.557000E+00  0.139160E+01 -0.495767E+00 -0.121499E+01
  0.558000E+00  0.139080E+01 -0.504079E+00 -0.120812E+01
  0.559000E+00  0.138999E+01 -0.512371E+00 -0.120114E+01
  0.560000E+00  0.138916E+01 -0.520643E+00 -0.119405E+01
  0.561000E+00  0.138832E+01 -0.528894E+00 -0.118685E+01
  0.562000E+00  0.138747E+01 -0.537125E+00 -0.117955E+01
  0.563000E+00  0.138661E+01 -0.545334E+00 -0.117215E+01
  0.564000E+00  0.138572E+01 -0.553522E+00 -0.116464E+01
  0.565000E+00  0.138483E+01 -0.561688E+00 -0.115702E+01
  0.566000E+00  0.138392E+01 -0.569832E+00 -0.114931E+01
  0.567000E+00  0.138300E+01 -0.577953E+00 -0.114149E+01
  0.568000E+00  0.138207E+01 -0.586052E+00 -0.113357E+01
  0.569000E+00  0.138112E+01 -0.594127E+00 -0.112555E+01
  0.570000E+00  0.138015E+01 -0.602179E+00 -0.111743E+01
  0.571000E+00  0.137918E+01 -0.610207E+00 -0.110921E+01
  0.572000E+00  0.137819E+01 -0.618211E+00 -0.110090E+01
  0.573000E+00  0.137719E+01 -0.626191E+00 -0.109248E+01
  0.574000E+00  0.137617E+01 -0.634146E+00 -0.108397E+01
  0.575000E+00  0.137514E+01 -0.642076E+00 -0.107536E+01
  0.576000E+00  0.137409E+01 -0.649980E+00 -0.106665E+01
  0.577000E+00  0.137304E+01 -0.657859E+00 -0.105786E+01
  0.578000E+00  0.137197E+01 -0.665712E+00 -0.104896E+01
  0.579000E+00  0.137088E+01 -0.673539E+00 -0.103998E+01
  0.580000E+00  0.136978E+01 -0.681339E+00 -0.103090E+01
  0.581000E+00  0.136867E+01 -0.689112E+00 -0.102173E+01
  0.582000E+00  0.136755E+01 -0.696858E+00 -0.101247E+01
  0.583000E+00  0.136641E+01 -0.704576E+00 -0.100312E+01
  0.584000E+00  0.136526E+01 -0.712267E+00 -0.993677E+00
  0.585000E+00  0.136409E+01 -0.719929E+00 -0.984149E+00
  0.586000E+00  0.136291E+01 -0.727563E+00 -0.974533E+00
  0.587000E+00  0.136172E+01 -0.735169E+00 -0.964831E+00
  0.588000E+00  0.136051E+01 -0.742745E+00 -0.955044E+00
  0.589000E+00  0.135929E+01 -0.750292E+00 -0.945171E+00
  0.590000E+00  0.135806E+01 -0.757809E+00 -0.935215E+00
  0.591000E+00  0.135681E+01 -0.765297E+00 -0.925175E+00
  0.592000E+00  0.135555E+01 -0.772754E+00 -0.915053E+00
  0.593000E+00  0.135428E+01 -0.780181E+00 -0.904850E+00
  0.594000E+00  0.135300E+01 -0.787576E+00 -0.894567E+00
  0.595000E+00  0.135170E+01 -0.794941E+00 -0.884204E+00
  0.596000E+00  0.135038E+01 -0.802275E+00 -0.873762E+00
  0.597000E+00  0.134906E+01 -0.809577E+00 -0.863243E+00
  0.598000E+00  0.134772E+01 -0.816846E+00 -0.852648E+00
  0.599000E+00  0.134636E+01 -0.824084E+00 -0.841976E+00
  0.600000E+00  0.134500E+01 -0.831289E+00 -0.831230E+00
  0.601000E+00  0.134362E+01 -0.838461E+00 -0.820410E+00
  0.602000E+00  0.134222E+01 -0.845600E+00 -0.809517E+00
  0.603000E+00  0.134082E+01 -0.852706E+00 -0.798552E+00
  0.604000E+00  0.133940E+01 -0.859778E+00 -0.787516E+00
  0.605000E+00  0.133797E+01 -0.866816E+00 -0.776410E+00
  0.606000E+00  0.133652E+01 -0.873820E+00 -0.765235E+00
  0.607000E+00  0.133506E+01 -0.880789E+00 -0.753993E+00
  0.608000E+00  0.133359E+01 -0.887724E+00 -0.742683E+00
  0.609000E+00  0.133210E+01 -0.894624E+00 -0.731307E+00
  0.610000E+00  0.133061E+01 -0.901488E+00 -0.719867E+00
  0.611000E+00  0.132909E+01 -0.908317E+00 -0.708362E+00
  0.612000E+00  0.132757E+01 -0.915109E+00 -0.696795E+00
  0.613000E+00  0.132603E+01 -0.921866E+00 -0.685165E+00
  0.614000E+00  0.132448E+01 -0.928586E+00 -0.673475E+00
  0.615000E+00  0.132292E+01 -0.935270E+00 -0.661725E+00
  0.616000E+00  0.132134E+01 -0.941917E+00 -0.649916E+00
  0.617000E+00  0.131975E+01 -0.948526E+00 -0.638050E+00
  0.618000E+00  0.131815E+01 -0.955098E+00 -0.626127E+00
  0.619000E+00  0.131653E+01 -0.961633E+00 -0.614148E+00
  0.620000E+00  0.131490E+01 -0.968129E+00 -0.602114E+00
  0.621000E+00  0.131326E+01 -0.974587E+00 -0.590027E+00
  0.622000E+00  0.131161E+01 -0.981007E+00 -0.577888E+00
  0.623000E+00  0.130994E+01 -0.987388E+00 -0.565697E+00
  0.624000E+00  0.130826E+01 -0.993730E+00 -0.553457E+00
  0.625000E+00  0.130656E+01 -0.100003E+01 -0.541167E+00
  0.626000E+00  0.130486E+01 -0.100630E+01 -0.528828E+00
  0.627000E+00  0.130314E+01 -0.101252E+01 -0.516443E+00
  0.628000E+00  0.130140E+01 -0.101870E+01 -0.504012E+00
  0.629000E+00  0.129966E+01 -0.102485E+01 -0.491537E+00
  0.630000E+00  0.129790E+01 -0.103095E+01 -0.479017E+00
  0.631000E+00  0.129613E+01 -0.103701E+01 -0.466455E+00
  0.632000E+00  0.129435E+01 -0.104303E+01 -0.453852E+00
  0.633000E+00  0.129255E+01 -0.104901E+01 -0.441208E+00
  0.634000E+00  0.129074E+01 -0.105495E+01 -0.428525E+00
  0.635000E+00  0.128892E+01 -0.106085E+01 -0.415804E+00
  0.636000E+00  0.128708E+01 -0.106670E+01 -0.403047E+00
  0.637000E+00  0.128524E+01 -0.107252E+01 -0.390253E+00
  0.638000E+00  0.128338E+01 -0.107829E+01 -0.377425E+00
  0.639000E+00  0.128150E+01 -0.108402E+01 -0.364563E+00
  0.640000E+00  0.127962E+01 -0.108970E+01 -0.351668E+00
  0.641000E+00  0.127772E+01 -0.109534E+01 -0.338743E+00
  0.642000E+00  0.127581E+01 -0.110094E+01 -0.325787E+00
  0.643000E+00  0.127389E+01 -0.110650E+01 -0.312803E+00
  0.644000E+00  0.127195E+01 -0.111201E+01 -0.299791E+00
  0.645000E+00  0.127000E+01 -0.111748E+01 -0.286752E+00
  0.646000E+00  0.126804E+01 -0.112290E+01 -0.273687E+00
  0.647000E+00  0.126607E+01 -0.112828E+01 -0.260598E+00
  0.648000E+00  0.126408E+01 -0.113362E+01 -0.247487E+00
  0.649000E+00  0.126208E+01 -0.113891E+01 -0.234353E+00
  0.650000E+00  0.126007E+01 -0.114415E+01 -0.221198E+00
  0.651000E+00  0.125805E+01 -0.114935E+01 -0.208024E+00
  0.652000E+00  0.125601E+01 -0.115451E+01 -0.194831E+00
  0.653000E+00  0.125397E+01 -0.115962E+01 -0.181621E+00
  0.654000E+00  0.125191E+01 -0.116468E+01 -0.168395E+00
  0.655000E+00  0.124983E+01 -0.116970E+01 -0.155154E+00
  0.656000E+00  0.124775E+01 -0.117467E+01 -0.141899E+00
  0.657000E+00  0.124565E+01 -0.117959E+01 -0.128631E+00
  0.658000E+00  0.124354E+01 -0.118447E+01 -0.115352E+00
  0.659000E+00  0.124142E+01 -0.118930E+01 -0.102063E+00
  0.660000E+00  0.123928E+01 -0.119409E+01 -0.887644E-01
  0.661000E+00  0.123714E+01 -0.119883E+01 -0.754582E-01
  0.662000E+00  0.123498E+01 -0.120352E+01 -0.621453E-01
  0.663000E+00  0.123281E+01 -0.120816E+01 -0.488269E-01
  0.664000E+00  0.123062E+01 -0.121275E+01 -0.355042E-01
  0.665000E+00  0.122843E+01 -0.121730E+01 -0.221783E-01
  0.666000E+00  0.122622E+01 -0.122180E+01 -0.885037E-02
  0.667000E+00  0.122400E+01 -0.122625E+01  0.447829E-02
  0.668000E+00  0.122177E+01 -0.123065E+01  0.178066E-01
  0.669000E+00  0.121953E+01 -0.123501E+01  0.311332E-01
  0.670000E+00  0.121727E+01 -0.123931E+01  0.444572E-01
  0.671000E+00  0.121500E+01 -0.124357E+01  0.577771E-01
  0.672000E+00  0.121272E+01 -0.124777E+01  0.710920E-01
  0.673000E+00  0.121043E+01 -0.125193E+01  0.844005E-01
  0.674000E+00  0.120813E+01 -0.125604E+01  0.977015E-01
  0.675000E+00  0.120581E+01 -0.126010E+01  0.110994E+00
  0.676000E+00  0.120349E+01 -0.126411E+01  0.124276E+00
  0.677000E+00  0.120115E+01 -0.126807E+01  0.137548E+00
  0.678000E+00  0.119880E+01 -0.127198E+01  0.150807E+00
  0.679000E+00  0.119643E+01 -0.127583E+01  0.164053E+00
  0.680000E+00  0.119406E+01 -0.127964E+01  0.177284E+00
  0.681000E+00  0.119167E+01 -0.128340E+01  0.190500E+00
  0.682000E+00  0.118927E+01 -0.128711E+01  0.203698E+00
  0.683000E+00  0.118686E+01 -0.129076E+01  0.216879E+00
  0.684000E+00  0.118444E+01 -0.129437E+01  0.230040E+00
  0.685000E+00  0.118201E+01 -0.129792E+01  0.243181E+00
  0.686000E+00  0.117956E+01 -0.130143E+01  0.256300E+00
  0.687000E+00  0.117711E+01 -0.130488E+01  0.269396E+00
  0.688000E+00  0.117464E+01 -0.130828E+01  0.282469E+00
  0.689000E+00  0.117216E+01 -0.131163E+01  0.295516E+00
  0.690000E+00  0.116967E+01 -0.131492E+01  0.308537E+00
  0.691000E+00  0.116716E+01 -0.131817E+01  0.321531E+00
  0.692000E+00  0.116465E+01 -0.132136E+01  0.334496E+00
  0.693000E+00  0.116212E+01 -0.132450E+01  0.347432E+00
  0.694000E+00  0.115959E+01 -0.132759E+01  0.360337E+00
  0.695000E+00  0.115704E+01 -0.133063E+01  0.373209E+00
  0.696000E+00  0.115448E+01 -0.133361E+01  0.386049E+00
  0.697000E+00  0.115190E+01 -0.133654E+01  0.398854E+00
  0.698000E+00  0.114932E+01 -0.133942E+01  0.411624E+00
  0.699000E+00  0.114673E+01 -0.134224E+01  0.424357E+00
  0.700000E+00  0.114412E+01 -0.134502E+01  0.437052E+00
  0.701000E+00  0.114150E+01 -0.134774E+01  0.449709E+00
  0.702000E+00  0.113888E+01 -0.135040E+01  0.462326E+00
  0.703000E+00  0.113624E+01 -0.135301E+01  0.474901E+00
  0.704000E+00  0.113359E+01 -0.135557E+01  0.487435E+00
  0.705000E+00  0.113092E+01 -0.135808E+01  0.499925E+00
  0.706000E+00  0.112825E+01 -0.136053E+01  0.512371E+00
  0.707000E+00  0.112557E+01 -0.136293E+01  0.524771E+00
  0.708000E+00  0.112287E+01 -0.136527E+01  0.537125E+00
  0.709000E+00  0.112016E+01 -0.136756E+01  0.549431E+00
  0.710000E+00  0.111745E+01 -0.136980E+01  0.561688E+00
  0.711000E+00  0.111472E+01 -0.137198E+01  0.573895E+00
  0.712000E+00  0.111198E+01 -0.137411E+01  0.586051E+00
  0.713000E+00  0.110923E+01 -0.137619E+01  0.598155E+00
  0.714000E+00  0.110647E+01 -0.137820E+01  0.610206E+00
  0.715000E+00  0.110369E+01 -0.138017E+01  0.622203E+00
  0.716000E+00  0.110091E+01 -0.138208E+01  0.634145E+00
  0.717000E+00  0.109812E+01 -0.138394E+01  0.646030E+00
  0.718000E+00  0.109531E+01 -0.138574E+01  0.657858E+00
  0.719000E+00  0.109250E+01 -0.138749E+01  0.669627E+00
  0.720000E+00  0.108967E+01 -0.138918E+01  0.681337E+00
  0.721000E+00  0.108683E+01 -0.139082E+01  0.692987E+00
  0.722000E+00  0.108398E+01 -0.139240E+01  0.704575E+00
  0.723000E+00  0.108112E+01 -0.139393E+01  0.716100E+00
  0.724000E+00  0.107825E+01 -0.139540E+01  0.727562E+00
  0.725000E+00  0.107537E+01 -0.139681E+01  0.738959E+00
  0.726000E+00  0.107248E+01 -0.139818E+01  0.750290E+00
  0.727000E+00  0.106958E+01 -0.139948E+01  0.761555E+00
  0.728000E+00  0.106667E+01 -0.140074E+01  0.772752E+00
  0.729000E+00  0.106375E+01 -0.140193E+01  0.783881E+00
  0.730000E+00  0.106082E+01 -0.140307E+01  0.794940E+00
  0.731000E+00  0.105787E+01 -0.140416E+01  0.805928E+00
  0.732000E+00  0.105492E+01 -0.140519E+01  0.816844E+00
  0.733000E+00  0.105195E+01 -0.140616E+01  0.827689E+00
  0.734000E+00  0.104898E+01 -0.140708E+01  0.838459E+00
  0.735000E+00  0.104599E+01 -0.140795E+01  0.849155E+00
  0.736000E+00  0.104300E+01 -0.140876E+01  0.859776E+00
  0.737000E+00  0.103999E+01 -0.140951E+01  0.870320E+00
  0.738000E+00  0.103698E+01 -0.141020E+01  0.880787E+00
  0.739000E+00  0.103395E+01 -0.141085E+01  0.891176E+00
  0.740000E+00  0.103092E+01 -0.141143E+01  0.901486E+00
  0.741000E+00  0.102787E+01 -0.141196E+01  0.911715E+00
  0.742000E+00  0.102481E+01 -0.141244E+01  0.921864E+00
  0.743000E+00  0.102175E+01 -0.141285E+01  0.931930E+00
  0.744000E+00  0.101867E+01 -0.141322E+01  0.941914E+00
  0.745000E+00  0.101558E+01 -0.141352E+01  0.951815E+00
  0.746000E+00  0.101248E+01 -0.141377E+01  0.961630E+00
  0.747000E+00  0.100938E+01 -0.141397E+01  0.971360E+00
  0.748000E+00  0.100626E+01 -0.141411E+01  0.981004E+00
  0.749000E+00  0.100313E+01 -0.141419E+01  0.990561E+00
  0.750000E+00  0.999998E+00 -0.141422E+01  0.100003E+01
  0.751000E+00  0.996851E+00 -0.141419E+01  0.100941E+01
  0.752000E+00  0.993695E+00 -0.141411E+01  0.101870E+01
  0.753000E+00  0.990529E+00 -0.141397E+01  0.102790E+01
  0.754000E+00  0.987353E+00 -0.141377E+01  0.103701E+01
  0.755000E+00  0.984167E+00 -0.141352E+01  0.104603E+01
  0.756000E+00  0.980972E+00 -0.141321E+01  0.105495E+01
  0.757000E+00  0.977766E+00 -0.141285E+01  0.106378E+01
  0.758000E+00  0.974552E+00 -0.141243E+01  0.107251E+01
  0.759000E+00  0.971327E+00 -0.141196E+01  0.108115E+01
  0.760000E+00  0.968093E+00 -0.141143E+01  0.108970E+01
  0.761000E+00  0.964850E+00 -0.141084E+01  0.109815E+01
  0.762000E+00  0.961597E+00 -0.141020E+01  0.110650E+01
  0.763000E+00  0.958334E+00 -0.140950E+01  0.111475E+01
  0.764000E+00  0.955062E+00 -0.140875E+01  0.112290E+01
  0.765000E+00  0.951781E+00 -0.140794E+01  0.113095E+01
  0.766000E+00  0.948490E+00 -0.140707E+01  0.113890E+01
  0.767000E+00  0.945190E+00 -0.140615E+01  0.114675E+01
  0.768000E+00  0.941880E+00 -0.140518E+01  0.115450E+01
  0.769000E+00  0.938562E+00 -0.140415E+01  0.116215E+01
  0.770000E+00  0.935234E+00 -0.140306E+01  0.116969E+01
  0.771000E+00  0.931896E+00 -0.140192E+01  0.117713E+01
  0.772000E+00  0.928550E+00 -0.140072E+01  0.118447E+01
  0.773000E+00  0.925194E+00 -0.139947E+01  0.119170E+01
  0.774000E+00  0.921829E+00 -0.139816E+01  0.119882E+01
  0.775000E+00  0.918456E+00 -0.139680E+01  0.120584E+01
  0.776000E+00  0.915073E+00 -0.139538E+01  0.121275E+01
  0.777000E+00  0.911681E+00 -0.139391E+01  0.121955E+01
  0.778000E+00  0.908280E+00 -0.139238E+01  0.122625E+01
  0.779000E+00  0.904870E+00 -0.139080E+01  0.123283E+01
  0.780000E+00  0.901451E+00 -0.138916E+01  0.123931E+01
  0.781000E+00  0.898023E+00 -0.138747E+01  0.124567E+01
  0.782000E+00  0.894587E+00 -0.138572E+01  0.125193E+01
  0.783000E+00  0.891141E+00 -0.138392E+01  0.125807E+01
  0.784000E+00  0.887687E+00 -0.138206E+01  0.126410E+01
  0.785000E+00  0.884224E+00 -0.138015E+01  0.127002E+01
  0.786000E+00  0.880752E+00 -0.137818E+01  0.127583E+01
  0.787000E+00  0.877272E+00 -0.137616E+01  0.128152E+01
  0.788000E+00  0.873783E+00 -0.137409E+01  0.128710E+01
  0.789000E+00  0.870285E+00 -0.137196E+01  0.129257E+01
  0.790000E+00  0.866779E+00 -0.136978E+01  0.129792E+01
  0.791000E+00  0.863264E+00 -0.136754E+01  0.130316E+01
  0.792000E+00  0.859740E+00 -0.136525E+01  0.130828E+01
  0.793000E+00  0.856208E+00 -0.136290E+01  0.131328E+01
  0.794000E+00  0.852668E+00 -0.136050E+01  0.131817E+01
  0.795000E+00  0.849119E+00 -0.135805E+01  0.132294E+01
  0.796000E+00  0.845562E+00 -0.135554E+01  0.132759E+01
  0.797000E+00  0.841997E+00 -0.135298E+01  0.133212E+01
  0.798000E+00  0.838423E+00 -0.135037E+01  0.133654E+01
  0.799000E+00  0.834841E+00 -0.134771E+01  0.134083E+01
  0.800000E+00  0.831251E+00 -0.134499E+01  0.134501E+01
  0.801000E+00  0.827652E+00 -0.134221E+01  0.134907E+01
  0.802000E+00  0.824046E+00 -0.133939E+01  0.135301E+01
  0.803000E+00  0.820431E+00 -0.133651E+01  0.135683E+01
  0.804000E+00  0.816808E+00 -0.133358E+01  0.136053E+01
  0.805000E+00  0.813177E+00 -0.133059E+01  0.136410E+01
  0.806000E+00  0.809538E+00 -0.132756E+01  0.136756E+01
  0.807000E+00  0.805891E+00 -0.132447E+01  0.137089E+01
  0.808000E+00  0.802236E+00 -0.132133E+01  0.137411E+01
  0.809000E+00  0.798573E+00 -0.131813E+01  0.137720E+01
  0.810000E+00  0.794903E+00 -0.131489E+01  0.138017E+01
  0.811000E+00  0.791224E+00 -0.131159E+01  0.138301E+01
  0.812000E+00  0.787538E+00 -0.130824E+01  0.138574E+01
  0.813000E+00  0.783844E+00 -0.130484E+01  0.138834E+01
  0.814000E+00  0.780142E+00 -0.130139E+01  0.139081E+01
  0.815000E+00  0.776432E+00 -0.129788E+01  0.139317E+01
  0.816000E+00  0.772715E+00 -0.129433E+01  0.139539E+01
  0.817000E+00  0.768990E+00 -0.129072E+01  0.139750E+01
  0.818000E+00  0.765258E+00 -0.128707E+01  0.139948E+01
  0.819000E+00  0.761518E+00 -0.128336E+01  0.140134E+01
  0.820000E+00  0.757770E+00 -0.127960E+01  0.140307E+01
  0.821000E+00  0.754015E+00 -0.127579E+01  0.140468E+01
  0.822000E+00  0.750253E+00 -0.127193E+01  0.140616E+01
  0.823000E+00  0.746483E+00 -0.126802E+01  0.140752E+01
  0.824000E+00  0.742706E+00 -0.126406E+01  0.140875E+01
  0.825000E+00  0.738921E+00 -0.126005E+01  0.140986E+01
  0.826000E+00  0.735129E+00 -0.125599E+01  0.141084E+01
  0.827000E+00  0.731330E+00 -0.125189E+01  0.141170E+01
  0.828000E+00  0.727524E+00 -0.124773E+01  0.141243E+01
  0.829000E+00  0.723710E+00 -0.124352E+01  0.141304E+01
  0.830000E+00  0.719890E+00 -0.123926E+01  0.141352E+01
  0.831000E+00  0.716062E+00 -0.123496E+01  0.141388E+01
  0.832000E+00  0.712227E+00 -0.123060E+01  0.141411E+01
  0.833000E+00  0.708385E+00 -0.122620E+01  0.141421E+01
  0.834000E+00  0.704537E+00 -0.122175E+01  0.141419E+01
  0.835000E+00  0.700681E+00 -0.121725E+01  0.141404E+01
  0.836000E+00  0.696818E+00 -0.121270E+01  0.141377E+01
  0.837000E+00  0.692949E+00 -0.120811E+01  0.141337E+01
  0.838000E+00  0.689072E+00 -0.120346E+01  0.141285E+01
  0.839000E+00  0.685189E+00 -0.119877E+01  0.141220E+01
  0.840000E+00  0.681299E+00 -0.119403E+01  0.141142E+01
  0.841000E+00  0.677402E+00 -0.118925E+01  0.141052E+01
  0.842000E+00  0.673499E+00 -0.118442E+01  0.140950E+01
  0.843000E+00  0.669589E+00 -0.117954E+01  0.140835E+01
  0.844000E+00  0.665672E+00 -0.117461E+01  0.140707E+01
  0.845000E+00  0.661749E+00 -0.116964E+01  0.140567E+01
  0.846000E+00  0.657819E+00 -0.116462E+01  0.140415E+01
  0.847000E+00  0.653883E+00 -0.115956E+01  0.140250E+01
  0.848000E+00  0.649940E+00 -0.115445E+01  0.140072E+01
  0.849000E+00  0.645991E+00 -0.114929E+01  0.139882E+01
  0.850000E+00  0.642036E+00 -0.114409E+01  0.139680E+01
  0.851000E+00  0.638074E+00 -0.113885E+01  0.139465E+01
  0.852000E+00  0.634106E+00 -0.113356E+01  0.139238E+01
  0.853000E+00  0.630131E+00 -0.112822E+01  0.138998E+01
  0.854000E+00  0.626151E+00 -0.112284E+01  0.138747E+01
  0.855000E+00  0.622164E+00 -0.111742E+01  0.138482E+01
  0.856000E+00  0.618171E+00 -0.111195E+01  0.138206E+01
  0.857000E+00  0.614172E+00 -0.110644E+01  0.137917E+01
  0.858000E+00  0.610167E+00 -0.110088E+01  0.137616E+01
  0.859000E+00  0.606156E+00 -0.109528E+01  0.137303E+01
  0.860000E+00  0.602139E+00 -0.108964E+01  0.136977E+01
  0.861000E+00  0.598116E+00 -0.108395E+01  0.136640E+01
  0.862000E+00  0.594087E+00 -0.107822E+01  0.136290E+01
  0.863000E+00  0.590052E+00 -0.107245E+01  0.135928E+01
  0.864000E+00  0.586012E+00 -0.106664E+01  0.135554E+01
  0.865000E+00  0.581965E+00 -0.106078E+01  0.135168E+01
  0.866000E+00  0.577913E+00 -0.105489E+01  0.134771E+01
  0.867000E+00  0.573855E+00 -0.104895E+01  0.134361E+01
  0.868000E+00  0.569792E+00 -0.104297E+01  0.133939E+01
  0.869000E+00  0.565723E+00 -0.103694E+01  0.133505E+01
  0.870000E+00  0.561648E+00 -0.103088E+01  0.133059E+01
  0.871000E+00  0.557568E+00 -0.102478E+01  0.132602E+01
  0.872000E+00  0.553482E+00 -0.101863E+01  0.132133E+01
  0.873000E+00  0.549391E+00 -0.101245E+01  0.131652E+01
  0.874000E+00  0.545294E+00 -0.100623E+01  0.131159E+01
  0.875000E+00  0.541192E+00 -0.999963E+00  0.130655E+01
  0.876000E+00  0.537085E+00 -0.993660E+00  0.130139E+01
  0.877000E+00  0.532972E+00 -0.987317E+00  0.129611E+01
  0.878000E+00  0.528854E+00 -0.980936E+00  0.129072E+01
  0.879000E+00  0.524731E+00 -0.974516E+00  0.128522E+01
  0.880000E+00  0.520603E+00 -0.968057E+00  0.127960E+01
  0.881000E+00  0.516469E+00 -0.961560E+00  0.127387E+01
  0.882000E+00  0.512331E+00 -0.955025E+00  0.126802E+01
  0.883000E+00  0.508187E+00 -0.948453E+00  0.126207E+01
  0.884000E+00  0.504038E+00 -0.941843E+00  0.125600E+01
  0.885000E+00  0.499885E+00 -0.935196E+00  0.124981E+01
  0.886000E+00  0.495726E+00 -0.928512E+00  0.124352E+01
  0.887000E+00  0.491563E+00 -0.921791E+00  0.123712E+01
  0.888000E+00  0.487394E+00 -0.915034E+00  0.123060E+01
  0.889000E+00  0.483221E+00 -0.908241E+00  0.122398E+01
  0.890000E+00  0.479043E+00 -0.901412E+00  0.121725E+01
  0.891000E+00  0.474861E+00 -0.894547E+00  0.121041E+01
  0.892000E+00  0.470674E+00 -0.887647E+00  0.120347E+01
  0.893000E+00  0.466482E+00 -0.880712E+00  0.119641E+01
  0.894000E+00  0.462285E+00 -0.873742E+00  0.118925E+01
  0.895000E+00  0.458084E+00 -0.866738E+00  0.118199E+01
  0.896000E+00  0.453878E+00 -0.859700E+00  0.117462E+01
  0.897000E+00  0.449668E+00 -0.852627E+00  0.116714E+01
  0.898000E+00  0.445454E+00 -0.845521E+00  0.115956E+01
  0.899000E+00  0.441235E+00 -0.838382E+00  0.115188E+01
  0.900000E+00  0.437012E+00 -0.831209E+00  0.114410E+01
  0.901000E+00  0.432784E+00 -0.824004E+00  0.113621E+01
  0.902000E+00  0.428552E+00 -0.816766E+00  0.112823E+01
  0.903000E+00  0.424316E+00 -0.809495E+00  0.112014E+01
  0.904000E+00  0.420076E+00 -0.802193E+00  0.111195E+01
  0.905000E+00  0.415831E+00 -0.794860E+00  0.110367E+01
  0.906000E+00  0.411583E+00 -0.787494E+00  0.109528E+01
  0.907000E+00  0.407330E+00 -0.780098E+00  0.108680E+01
  0.908000E+00  0.403074E+00 -0.772671E+00  0.107823E+01
  0.909000E+00  0.398813E+00 -0.765213E+00  0.106955E+01
  0.910000E+00  0.394548E+00 -0.757726E+00  0.106079E+01
  0.911000E+00  0.390280E+00 -0.750208E+00  0.105193E+01
  0.912000E+00  0.386008E+00 -0.742661E+00  0.104297E+01
  0.913000E+00  0.381732E+00 -0.735084E+00  0.103392E+01
  0.914000E+00  0.377452E+00 -0.727478E+00  0.102478E+01
  0.915000E+00  0.373168E+00 -0.719844E+00  0.101555E+01
  0.916000E+00  0.368881E+00 -0.712181E+00  0.100623E+01
  0.917000E+00  0.364590E+00 -0.704490E+00  0.996821E+00
  0.918000E+00  0.360296E+00 -0.696772E+00  0.987322E+00
  0.919000E+00  0.355998E+00 -0.689025E+00  0.977736E+00
  0.920000E+00  0.351696E+00 -0.681252E+00  0.968062E+00
  0.921000E+00  0.347391E+00 -0.673452E+00  0.958303E+00
  0.922000E+00  0.343082E+00 -0.665625E+00  0.948458E+00
  0.923000E+00  0.338771E+00 -0.657772E+00  0.938529E+00
  0.924000E+00  0.334455E+00 -0.649892E+00  0.928517E+00
  0.925000E+00  0.330137E+00 -0.641988E+00  0.918423E+00
  0.926000E+00  0.325815E+00 -0.634057E+00  0.908247E+00
  0.927000E+00  0.321490E+00 -0.626102E+00  0.897990E+00
  0.928000E+00  0.317162E+00 -0.618122E+00  0.887653E+00
  0.929000E+00  0.312831E+00 -0.610118E+00  0.877238E+00
  0.930000E+00  0.308496E+00 -0.602090E+00  0.866744E+00
  0.931000E+00  0.304159E+00 -0.594037E+00  0.856174E+00
  0.932000E+00  0.299819E+00 -0.585962E+00  0.845527E+00
  0.933000E+00  0.295475E+00 -0.577863E+00  0.834806E+00
  0.934000E+00  0.291129E+00 -0.569742E+00  0.824010E+00
  0.935000E+00  0.286780E+00 -0.561597E+00  0.813141E+00
  0.936000E+00  0.282428E+00 -0.553431E+00  0.802200E+00
  0.937000E+00  0.278073E+00 -0.545243E+00  0.791188E+00
  0.938000E+00  0.273715E+00 -0.537034E+00  0.780105E+00
  0.939000E+00  0.269355E+00 -0.528803E+00  0.768953E+00
  0.940000E+00  0.264992E+00 -0.520551E+00  0.757733E+00
  0.941000E+00  0.260627E+00 -0.512279E+00  0.746445E+00
  0.942000E+00  0.256259E+00 -0.503986E+00  0.735091E+00
  0.943000E+00  0.251888E+00 -0.495674E+00  0.723672E+00
  0.944000E+00  0.247515E+00 -0.487342E+00  0.712189E+00
  0.945000E+00  0.243140E+00 -0.478991E+00  0.700642E+00
  0.946000E+00  0.238762E+00 -0.470621E+00  0.689033E+00
  0.947000E+00  0.234381E+00 -0.462232E+00  0.677363E+00
  0.948000E+00  0.229999E+00 -0.453825E+00  0.665633E+00
  0.949000E+00  0.225614E+00 -0.445400E+00  0.653843E+00
  0.950000E+00  0.221227E+00 -0.436958E+00  0.641996E+00
  0.951000E+00  0.216837E+00 -0.428498E+00  0.630091E+00
  0.952000E+00  0.212446E+00 -0.420022E+00  0.618131E+00
  0.953000E+00  0.208053E+00 -0.411529E+00  0.606115E+00
  0.954000E+00  0.203657E+00 -0.403019E+00  0.594046E+00
  0.955000E+00  0.199259E+00 -0.394494E+00  0.581924E+00
  0.956000E+00  0.194860E+00 -0.385953E+00  0.569750E+00
  0.957000E+00  0.190458E+00 -0.377397E+00  0.557526E+00
  0.958000E+00  0.186055E+00 -0.368826E+00  0.545252E+00
  0.959000E+00  0.181650E+00 -0.360240E+00  0.532930E+00
  0.960000E+00  0.177243E+00 -0.351641E+00  0.520560E+00
  0.961000E+00  0.172834E+00 -0.343027E+00  0.508145E+00
  0.962000E+00  0.168424E+00 -0.334400E+00  0.495684E+00
  0.963000E+00  0.164012E+00 -0.325759E+00  0.483179E+00
  0.964000E+00  0.159598E+00 -0.317106E+00  0.470631E+00
  0.965000E+00  0.155183E+00 -0.308440E+00  0.458041E+00
  0.966000E+00  0.150766E+00 -0.299762E+00  0.445410E+00
  0.967000E+00  0.146347E+00 -0.291072E+00  0.432740E+00
  0.968000E+00  0.141928E+00 -0.282371E+00  0.420032E+00
  0.969000E+00  0.137507E+00 -0.273659E+00  0.407286E+00
  0.970000E+00  0.133084E+00 -0.264935E+00  0.394504E+00
  0.971000E+00  0.128660E+00 -0.256202E+00  0.381687E+00
  0.972000E+00  0.124235E+00 -0.247458E+00  0.368837E+00
  0.973000E+00  0.119809E+00 -0.238704E+00  0.355953E+00
  0.974000E+00  0.115381E+00 -0.229941E+00  0.343038E+00
  0.975000E+00  0.110953E+00 -0.221169E+00  0.330092E+00
  0.976000E+00  0.106523E+00 -0.212388E+00  0.317117E+00
  0.977000E+00  0.102092E+00 -0.203599E+00  0.304114E+00
  0.978000E+00  0.976603E-01 -0.194802E+00  0.291083E+00
  0.979000E+00  0.932276E-01 -0.185997E+00  0.278027E+00
  0.980000E+00  0.887939E-01 -0.177185E+00  0.264947E+00
  0.981000E+00  0.843593E-01 -0.168365E+00  0.251842E+00
  0.982000E+00  0.799240E-01 -0.159539E+00  0.238716E+00
  0.983000E+00  0.754878E-01 -0.150707E+00  0.225568E+00
  0.984000E+00  0.710509E-01 -0.141869E+00  0.212400E+00
  0.985000E+00  0.666132E-01 -0.133025E+00  0.199213E+00
  0.986000E+00  0.621749E-01 -0.124176E+00  0.186009E+00
  0.987000E+00  0.577361E-01 -0.115322E+00  0.172788E+00
  0.988000E+00  0.532966E-01 -0.106464E+00  0.159551E+00
  0.989000E+00  0.488566E-01 -0.976010E-01  0.146301E+00
  0.990000E+00  0.444161E-01 -0.887344E-01  0.133037E+00
  0.991000E+00  0.399752E-01 -0.798644E-01  0.119762E+00
  0.992000E+00  0.355339E-01 -0.709912E-01  0.106476E+00
  0.993000E+00  0.310923E-01 -0.621151E-01  0.931805E-01
  0.994000E+00  0.266503E-01 -0.532367E-01  0.798768E-01
  0.995000E+00  0.222081E-01 -0.443561E-01  0.665660E-01
  0.996000E+00  0.177656E-01 -0.354738E-01  0.532492E-01
  0.997000E+00  0.133230E-01 -0.265901E-01  0.399278E-01
  0.998000E+00  0.888024E-02 -0.177054E-01  0.266028E-01
  0.999000E+00  0.443740E-02 -0.881989E-02  0.132755E-01
  0.100000E+01 -0.548244E-05  0.659160E-04 -0.530817E-04
