  0.000000E+00  0.000000E+00  0.000000E+00  0.000000E+00
  0.100000E-02  0.100000E-01  0.100000E-01  0.100000E-01
  0.200000E-02  0.199999E-01  0.199996E-01  0.199991E-01
  0.300000E-02  0.299996E-01  0.299984E-01  0.299964E-01
  0.400000E-02  0.399990E-01  0.399961E-01  0.399911E-01
  0.500000E-02  0.499980E-01  0.499921E-01  0.499822E-01
  0.600000E-02  0.599965E-01  0.599862E-01  0.599689E-01
  0.700000E-02  0.699945E-01  0.699779E-01  0.699503E-01
  0.800000E-02  0.799917E-01  0.799668E-01  0.799254E-01
  0.900000E-02  0.899882E-01  0.899526E-01  0.898934E-01
  0.100000E-01  0.999837E-01  0.999349E-01  0.998535E-01
  0.110000E-01  0.109978E+00  0.109913E+00  0.109805E+00
  0.120000E-01  0.119972E+00  0.119887E+00  0.119746E+00
  0.130000E-01  0.129964E+00  0.129856E+00  0.129677E+00
  0.140000E-01  0.139955E+00  0.139820E+00  0.139596E+00
  0.150000E-01  0.149945E+00  0.149779E+00  0.149503E+00
  0.160000E-01  0.159933E+00  0.159732E+00  0.159397E+00
  0.170000E-01  0.169919E+00  0.169678E+00  0.169276E+00
  0.180000E-01  0.179904E+00  0.179618E+00  0.179140E+00
  0.190000E-01  0.189888E+00  0.189550E+00  0.188989E+00
  0.200000E-01  0.199869E+00  0.199475E+00  0.198821E+00
  0.210000E-01  0.209848E+00  0.209393E+00  0.208635E+00
  0.220000E-01  0.219825E+00  0.219301E+00  0.218430E+00
  0.230000E-01  0.229800E+00  0.229202E+00  0.228206E+00
  0.240000E-01  0.239773E+00  0.239093E+00  0.237962E+00
  0.250000E-01  0.249743E+00  0.248975E+00  0.247697E+00
  0.260000E-01  0.259711E+00  0.258847E+00  0.257410E+00
  0.270000E-01  0.269677E+00  0.268709E+00  0.267099E+00
  0.280000E-01  0.279639E+00  0.278560E+00  0.276765E+00
  0.290000E-01  0.289599E+00  0.288400E+00  0.286407E+00
  0.300000E-01  0.299557E+00  0.298229E+00  0.296023E+00
  0.310000E-01  0.309511E+00  0.308046E+00  0.305613E+00
  0.320000E-01  0.319462E+00  0.317850E+00  0.315176E+00
  0.330000E-01  0.329410E+00  0.327643E+00  0.324710E+00
  0.340000E-01  0.339354E+00  0.337422E+00  0.334216E+00
  0.350000E-01  0.349296E+00  0.347188E+00  0.343692E+00
  0.360000E-01  0.359234E+00  0.356940E+00  0.353138E+00
  0.370000E-01  0.369168E+00  0.366679E+00  0.362552E+00
  0.380000E-01  0.379099E+00  0.376402E+00  0.371934E+00
  0.390000E-01  0.389026E+00  0.386111E+00  0.381283E+00
  0.400000E-01  0.398949E+00  0.395805E+00  0.390598E+00
  0.410000E-01  0.408868E+00  0.405483E+00  0.399878E+00
  0.420000E-01  0.418783E+00  0.415145E+00  0.409123E+00
  0.430000E-01  0.428694E+00  0.424790E+00  0.418332E+00
  0.440000E-01  0.438601E+00  0.434419E+00  0.427503E+00
  0.450000E-01  0.448503E+00  0.444031E+00  0.436637E+00
  0.460000E-01  0.458401E+00  0.453625E+00  0.445731E+00
  0.470000E-01  0.468295E+00  0.463201E+00  0.454786E+00
  0.480000E-01  0.478184E+00  0.472759E+00  0.463801E+00
  0.490000E-01  0.488068E+00  0.482299E+00  0.472774E+00
  0.500000E-01  0.497947E+00  0.491819E+00  0.481706E+00
  0.510000E-01  0.507822E+00  0.501320E+00  0.490595E+00
  0.520000E-01  0.517691E+00  0.510801E+00  0.499440E+00
  0.530000E-01  0.527555E+00  0.520262E+00  0.508240E+00
  0.540000E-01  0.537414E+00  0.529702E+00  0.516996E+00
  0.550000E-01  0.547268E+00  0.539122E+00  0.525706E+00
  0.560000E-01  0.557117E+00  0.548520E+00  0.534369E+00
  0.570000E-01  0.566959E+00  0.557896E+00  0.542984E+00
  0.580000E-01  0.576797E+00  0.567251E+00  0.551551E+00
  0.590000E-01  0.586628E+00  0.576583E+00  0.560070E+00
  0.600000E-01  0.596454E+00  0.585892E+00  0.568538E+00
  0.610000E-01  0.606274E+00  0.595178E+00  0.576956E+00
  0.620000E-01  0.616088E+00  0.604441E+00  0.585323E+00
  0.630000E-01  0.625896E+00  0.613680E+00  0.593638E+00
  0.640000E-01  0.635698E+00  0.622894E+00  0.601900E+00
  0.650000E-01  0.645493E+00  0.632084E+00  0.610108E+00
  0.660000E-01  0.655282E+00  0.641249E+00  0.618263E+00
  0.670000E-01  0.665065E+00  0.650389E+00  0.626362E+00
  0.680000E-01  0.674841E+00  0.659503E+00  0.634406E+00
  0.690000E-01  0.684610E+00  0.668591E+00  0.642393E+00
  0.700000E-01  0.694373E+00  0.677653E+00  0.650324E+00
  0.710000E-01  0.704128E+00  0.686688E+00  0.658196E+00
  0.720000E-01  0.713877E+00  0.695696E+00  0.666011E+00
  0.730000E-01  0.723619E+00  0.704676E+00  0.673766E+00
  0.740000E-01  0.733353E+00  0.713628E+00  0.681461E+00
  0.750000E-01  0.743081E+00  0.722553E+00  0.689095E+00
  0.760000E-01  0.752801E+00  0.731448E+00  0.696669E+00
  0.770000E-01  0.762513E+00  0.740315E+00  0.704180E+00
  0.780000E-01  0.772219E+00  0.749153E+00  0.711629E+00
  0.790000E-01  0.781916E+00  0.757961E+00  0.719015E+00
  0.800000E-01  0.791606E+00  0.766739E+00  0.726337E+00
  0.810000E-01  0.801288E+00  0.775487E+00  0.733595E+00
  0.820000E-01  0.810962E+00  0.784205E+00  0.740787E+00
  0.830000E-01  0.820628E+00  0.792891E+00  0.747913E+00
  0.840000E-01  0.830286E+00  0.801546E+00  0.754973E+00
  0.850000E-01  0.839935E+00  0.810169E+00  0.761966E+00
  0.860000E-01  0.849577E+00  0.818761E+00  0.768892E+00
  0.870000E-01  0.859210E+00  0.827320E+00  0.775748E+00
  0.880000E-01  0.868834E+00  0.835846E+00  0.782537E+00
  0.890000E-01  0.878450E+00  0.844340E+00  0.789255E+00
  0.900000E-01  0.888058E+00  0.852800E+00  0.795904E+00
  0.910000E-01  0.897656E+00  0.861226E+00  0.802481E+00
  0.920000E-01  0.907246E+00  0.869619E+00  0.808988E+00
  0.930000E-01  0.916827E+00  0.877977E+00  0.815422E+00
  0.940000E-01  0.926398E+00  0.886300E+00  0.821785E+00
  0.950000E-01  0.935961E+00  0.894589E+00  0.828074E+00
  0.960000E-01  0.945514E+00  0.902842E+00  0.834289E+00
  0.970000E-01  0.955058E+00  0.911059E+00  0.840431E+00
  0.980000E-01  0.964593E+00  0.919241E+00  0.846498E+00
  0.990000E-01  0.974118E+00  0.927386E+00  0.852489E+00
  0.100000E+00  0.983633E+00  0.935494E+00  0.858405E+00
  0.101000E+00  0.993139E+00  0.943566E+00  0.864245E+00
  0.102000E+00  0.100263E+01  0.951601E+00  0.870008E+00
  0.103000E+00  0.101212E+01  0.959597E+00  0.875694E+00
  0.104000E+00  0.102160E+01  0.967556E+00  0.881301E+00
  0.105000E+00  0.103106E+01  0.975477E+00  0.886831E+00
  0.106000E+00  0.104052E+01  0.983359E+00  0.892282E+00
  0.107000E+00  0.104996E+01  0.991203E+00  0.897653E+00
  0.108000E+00  0.105940E+01  0.999007E+00  0.902945E+00
  0.109000E+00  0.106882E+01  0.100677E+01  0.908157E+00
  0.110000E+00  0.107824E+01  0.101450E+01  0.913288E+00
  0.111000E+00  0.108764E+01  0.102218E+01  0.918338E+00
  0.112000E+00  0.109703E+01  0.102983E+01  0.923306E+00
  0.113000E+00  0.110642E+01  0.103743E+01  0.928192E+00
  0.114000E+00  0.111579E+01  0.104499E+01  0.932996E+00
  0.115000E+00  0.112515E+01  0.105252E+01  0.937717E+00
  0.116000E+00  0.113450E+01  0.106000E+01  0.942354E+00
  0.117000E+00  0.114383E+01  0.106743E+01  0.946908E+00
  0.118000E+00  0.115316E+01  0.107483E+01  0.951378E+00
  0.119000E+00  0.116248E+01  0.108218E+01  0.955763E+00
  0.120000E+00  0.117178E+01  0.108950E+01  0.960064E+00
  0.121000E+00  0.118107E+01  0.109676E+01  0.964279E+00
  0.122000E+00  0.119035E+01  0.110399E+01  0.968408E+00
  0.123000E+00  0.119962E+01  0.111117E+01  0.972452E+00
  0.124000E+00  0.120888E+01  0.111831E+01  0.976409E+00
  0.125000E+00  0.121812E+01  0.112540E+01  0.980279E+00
  0.126000E+00  0.122735E+01  0.113245E+01  0.984062E+00
  0.127000E+00  0.123657E+01  0.113945E+01  0.987758E+00
  0.128000E+00  0.124578E+01  0.114641E+01  0.991366E+00
  0.129000E+00  0.125498E+01  0.115333E+01  0.994886E+00
  0.130000E+00  0.126416E+01  0.116020E+01  0.998318E+00
  0.131000E+00  0.127333E+01  0.116702E+01  0.100166E+01
  0.132000E+00  0.128249E+01  0.117379E+01  0.100492E+01
  0.133000E+00  0.129164E+01  0.118052E+01  0.100808E+01
  0.134000E+00  0.130077E+01  0.118721E+01  0.101116E+01
  0.135000E+00  0.130989E+01  0.119384E+01  0.101414E+01
  0.136000E+00  0.131900E+01  0.120043E+01  0.101704E+01
  0.137000E+00  0.132810E+01  0.120698E+01  0.101984E+01
  0.138000E+00  0.133718E+01  0.121347E+01  0.102256E+01
  0.139000E+00  0.134624E+01  0.121992E+01  0.102518E+01
  0.140000E+00  0.135530E+01  0.122632E+01  0.102771E+01
  0.141000E+00  0.136434E+01  0.123267E+01  0.103015E+01
  0.142000E+00  0.137337E+01  0.123897E+01  0.103250E+01
  0.143000E+00  0.138238E+01  0.124522E+01  0.103476E+01
  0.144000E+00  0.139138E+01  0.125142E+01  0.103693E+01
  0.145000E+00  0.140037E+01  0.125758E+01  0.103900E+01
  0.146000E+00  0.140935E+01  0.126368E+01  0.104098E+01
  0.147000E+00  0.141830E+01  0.126973E+01  0.104287E+01
  0.148000E+00  0.142725E+01  0.127574E+01  0.104467E+01
  0.149000E+00  0.143618E+01  0.128169E+01  0.104637E+01
  0.150000E+00  0.144510E+01  0.128760E+01  0.104798E+01
  0.151000E+00  0.145400E+01  0.129345E+01  0.104950E+01
  0.152000E+00  0.146289E+01  0.129925E+01  0.105092E+01
  0.153000E+00  0.147176E+01  0.130500E+01  0.105226E+01
  0.154000E+00  0.148062E+01  0.131070E+01  0.105349E+01
  0.155000E+00  0.148947E+01  0.131634E+01  0.105464E+01
  0.156000E+00  0.149830E+01  0.132194E+01  0.105569E+01
  0.157000E+00  0.150711E+01  0.132748E+01  0.105664E+01
  0.158000E+00  0.151592E+01  0.133297E+01  0.105751E+01
  0.159000E+00  0.152470E+01  0.133841E+01  0.105828E+01
  0.160000E+00  0.153347E+01  0.134379E+01  0.105895E+01
  0.161000E+00  0.154223E+01  0.134913E+01  0.105953E+01
  0.162000E+00  0.155097E+01  0.135440E+01  0.106002E+01
  0.163000E+00  0.155969E+01  0.135963E+01  0.106041E+01
  0.164000E+00  0.156840E+01  0.136480E+01  0.106071E+01
  0.165000E+00  0.157710E+01  0.136992E+01  0.106091E+01
  0.166000E+00  0.158577E+01  0.137498E+01  0.106102E+01
  0.167000E+00  0.159444E+01  0.137999E+01  0.106104E+01
  0.168000E+00  0.160308E+01  0.138495E+01  0.106096E+01
  0.169000E+00  0.161172E+01  0.138985E+01  0.106079E+01
  0.170000E+00  0.162033E+01  0.139469E+01  0.106052E+01
  0.171000E+00  0.162893E+01  0.139948E+01  0.106016E+01
  0.172000E+00  0.163751E+01  0.140421E+01  0.105970E+01
  0.173000E+00  0.164608E+01  0.140889E+01  0.105915E+01
  0.174000E+00  0.165463E+01  0.141352E+01  0.105851E+01
  0.175000E+00  0.166317E+01  0.141809E+01  0.105777E+01
  0.176000E+00  0.167169E+01  0.142260E+01  0.105694E+01
  0.177000E+00  0.168019E+01  0.142705E+01  0.105602E+01
  0.178000E+00  0.168867E+01  0.143145E+01  0.105500E+01
  0.179000E+00  0.169714E+01  0.143580E+01  0.105388E+01
  0.180000E+00  0.170559E+01  0.144008E+01  0.105268E+01
  0.181000E+00  0.171403E+01  0.144431E+01  0.105138E+01
  0.182000E+00  0.172244E+01  0.144848E+01  0.104998E+01
  0.183000E+00  0.173085E+01  0.145260E+01  0.104850E+01
  0.184000E+00  0.173923E+01  0.145666E+01  0.104692E+01
  0.185000E+00  0.174760E+01  0.146066E+01  0.104524E+01
  0.186000E+00  0.175595E+01  0.146460E+01  0.104348E+01
  0.187000E+00  0.176428E+01  0.146848E+01  0.104162E+01
  0.188000E+00  0.177259E+01  0.147231E+01  0.103967E+01
  0.189000E+00  0.178089E+01  0.147608E+01  0.103762E+01
  0.190000E+00  0.178917E+01  0.147979E+01  0.103549E+01
  0.191000E+00  0.179743E+01  0.148344E+01  0.103326E+01
  0.192000E+00  0.180568E+01  0.148703E+01  0.103094E+01
  0.193000E+00  0.181390E+01  0.149057E+01  0.102853E+01
  0.194000E+00  0.182211E+01  0.149405E+01  0.102603E+01
  0.195000E+00  0.183030E+01  0.149746E+01  0.102344E+01
  0.196000E+00  0.183847E+01  0.150082E+01  0.102075E+01
  0.197000E+00  0.184663E+01  0.150412E+01  0.101798E+01
  0.198000E+00  0.185476E+01  0.150736E+01  0.101511E+01
  0.199000E+00  0.186288E+01  0.151054E+01  0.101216E+01
  0.200000E+00  0.187098E+01  0.151366E+01  0.100911E+01
  0.201000E+00  0.187906E+01  0.151672E+01  0.100598E+01
  0.202000E+00  0.188712E+01  0.151972E+01  0.100275E+01
  0.203000E+00  0.189517E+01  0.152266E+01  0.999438E+00
  0.204000E+00  0.190319E+01  0.152554E+01  0.996036E+00
  0.205000E+00  0.191120E+01  0.152836E+01  0.992545E+00
  0.206000E+00  0.191919E+01  0.153112E+01  0.988966E+00
  0.207000E+00  0.192716E+01  0.153382E+01  0.985299E+00
  0.208000E+00  0.193511E+01  0.153646E+01  0.981545E+00
  0.209000E+00  0.194304E+01  0.153903E+01  0.977703E+00
  0.210000E+00  0.195095E+01  0.154155E+01  0.973775E+00
  0.211000E+00  0.195884E+01  0.154401E+01  0.969760E+00
  0.212000E+00  0.196671E+01  0.154640E+01  0.965659E+00
  0.213000E+00  0.197456E+01  0.154874E+01  0.961473E+00
  0.214000E+00  0.198240E+01  0.155101E+01  0.957201E+00
  0.215000E+00  0.199021E+01  0.155322E+01  0.952843E+00
  0.216000E+00  0.199801E+01  0.155537E+01  0.948402E+00
  0.217000E+00  0.200578E+01  0.155746E+01  0.943876E+00
  0.218000E+00  0.201354E+01  0.155949E+01  0.939266E+00
  0.219000E+00  0.202127E+01  0.156146E+01  0.934572E+00
  0.220000E+00  0.202899E+01  0.156336E+01  0.929796E+00
  0.221000E+00  0.203668E+01  0.156520E+01  0.924937E+00
  0.222000E+00  0.204436E+01  0.156698E+01  0.919996E+00
  0.223000E+00  0.205201E+01  0.156870E+01  0.914973E+00
  0.224000E+00  0.205965E+01  0.157036E+01  0.909869E+00
  0.225000E+00  0.206726E+01  0.157196E+01  0.904684E+00
  0.226000E+00  0.207485E+01  0.157349E+01  0.899419E+00
  0.227000E+00  0.208243E+01  0.157496E+01  0.894074E+00
  0.228000E+00  0.208998E+01  0.157637E+01  0.888649E+00
  0.229000E+00  0.209751E+01  0.157772E+01  0.883146E+00
  0.230000E+00  0.210502E+01  0.157900E+01  0.877564E+00
  0.231000E+00  0.211251E+01  0.158022E+01  0.871904E+00
  0.232000E+00  0.211998E+01  0.158138E+01  0.866167E+00
  0.233000E+00  0.212743E+01  0.158248E+01  0.860353E+00
  0.234000E+00  0.213486E+01  0.158351E+01  0.854462E+00
  0.235000E+00  0.214227E+01  0.158449E+01  0.848495E+00
  0.236000E+00  0.214965E+01  0.158540E+01  0.842453E+00
  0.237000E+00  0.215702E+01  0.158624E+01  0.836337E+00
  0.238000E+00  0.216436E+01  0.158703E+01  0.830145E+00
  0.239000E+00  0.217168E+01  0.158775E+01  0.823881E+00
  0.240000E+00  0.217898E+01  0.158841E+01  0.817543E+00
  0.241000E+00  0.218626E+01  0.158901E+01  0.811132E+00
  0.242000E+00  0.219352E+01  0.158954E+01  0.804649E+00
  0.243000E+00  0.220076E+01  0.159001E+01  0.798095E+00
  0.244000E+00  0.220797E+01  0.159042E+01  0.791470E+00
  0.245000E+00  0.221516E+01  0.159076E+01  0.784775E+00
  0.246000E+00  0.222233E+01  0.159105E+01  0.778010E+00
  0.247000E+00  0.222948E+01  0.159127E+01  0.771176E+00
  0.248000E+00  0.223661E+01  0.159142E+01  0.764273E+00
  0.249000E+00  0.224371E+01  0.159152E+01  0.757302E+00
  0.250000E+00  0.225079E+01  0.159155E+01  0.750265E+00
  0.251000E+00  0.225785E+01  0.159152E+01  0.743160E+00
  0.252000E+00  0.226489E+01  0.159142E+01  0.735990E+00
  0.253000E+00  0.227191E+01  0.159126E+01  0.728754E+00
  0.254000E+00  0.227890E+01  0.159104E+01  0.721453E+00
  0.255000E+00  0.228587E+01  0.159076E+01  0.714089E+00
  0.256000E+00  0.229282E+01  0.159042E+01  0.706661E+00
  0.257000E+00  0.229974E+01  0.159001E+01  0.699170E+00
  0.258000E+00  0.230665E+01  0.158954E+01  0.691617E+00
  0.259000E+00  0.231353E+01  0.158900E+01  0.684002E+00
  0.260000E+00  0.232038E+01  0.158841E+01  0.676327E+00
  0.261000E+00  0.232722E+01  0.158775E+01  0.668592E+00
  0.262000E+00  0.233403E+01  0.158702E+01  0.660797E+00
  0.263000E+00  0.234082E+01  0.158624E+01  0.652944E+00
  0.264000E+00  0.234758E+01  0.158539E+01  0.645033E+00
  0.265000E+00  0.235432E+01  0.158448E+01  0.637064E+00
  0.266000E+00  0.236104E+01  0.158351E+01  0.629039E+00
  0.267000E+00  0.236774E+01  0.158248E+01  0.620958E+00
  0.268000E+00  0.237441E+01  0.158138E+01  0.612822E+00
  0.269000E+00  0.238106E+01  0.158022E+01  0.604631E+00
  0.270000E+00  0.238768E+01  0.157900E+01  0.596387E+00
  0.271000E+00  0.239428E+01  0.157771E+01  0.588089E+00
  0.272000E+00  0.240086E+01  0.157636E+01  0.579740E+00
  0.273000E+00  0.240741E+01  0.157496E+01  0.571339E+00
  0.274000E+00  0.241394E+01  0.157348E+01  0.562887E+00
  0.275000E+00  0.242045E+01  0.157195E+01  0.554385E+00
  0.276000E+00  0.242693E+01  0.157035E+01  0.545834E+00
  0.277000E+00  0.243339E+01  0.156870E+01  0.537234E+00
  0.278000E+00  0.243983E+01  0.156698E+01  0.528587E+00
  0.279000E+00  0.244624E+01  0.156520E+01  0.519893E+00
  0.280000E+00  0.245262E+01  0.156335E+01  0.511152E+00
  0.281000E+00  0.245899E+01  0.156145E+01  0.502366E+00
  0.282000E+00  0.246532E+01  0.155948E+01  0.493536E+00
  0.283000E+00  0.247164E+01  0.155745E+01  0.484662E+00
  0.284000E+00  0.247793E+01  0.155536E+01  0.475744E+00
  0.285000E+00  0.248419E+01  0.155321E+01  0.466785E+00
  0.286000E+00  0.249043E+01  0.155100E+01  0.457784E+00
  0.287000E+00  0.249665E+01  0.154873E+01  0.448742E+00
  0.288000E+00  0.250284E+01  0.154639E+01  0.439660E+00
  0.289000E+00  0.250900E+01  0.154400E+01  0.430540E+00
  0.290000E+00  0.251514E+01  0.154154E+01  0.421381E+00
  0.291000E+00  0.252126E+01  0.153902E+01  0.412185E+00
  0.292000E+00  0.252735E+01  0.153645E+01  0.402952E+00
  0.293000E+00  0.253342E+01  0.153381E+01  0.393683E+00
  0.294000E+00  0.253946E+01  0.153111E+01  0.384379E+00
  0.295000E+00  0.254548E+01  0.152835E+01  0.375042E+00
  0.296000E+00  0.255147E+01  0.152553E+01  0.365670E+00
  0.297000E+00  0.255744E+01  0.152265E+01  0.356267E+00
  0.298000E+00  0.256338E+01  0.151971E+01  0.346832E+00
  0.299000E+00  0.256929E+01  0.151671E+01  0.337365E+00
  0.300000E+00  0.257518E+01  0.151365E+01  0.327869E+00
  0.301000E+00  0.258105E+01  0.151053E+01  0.318344E+00
  0.302000E+00  0.258689E+01  0.150735E+01  0.308791E+00
  0.303000E+00  0.259270E+01  0.150411E+01  0.299210E+00
  0.304000E+00  0.259849E+01  0.150081E+01  0.289602E+00
  0.305000E+00  0.260425E+01  0.149745E+01  0.279969E+00
  0.306000E+00  0.260999E+01  0.149403E+01  0.270311E+00
  0.307000E+00  0.261570E+01  0.149056E+01  0.260629E+00
  0.308000E+00  0.262139E+01  0.148702E+01  0.250924E+00
  0.309000E+00  0.262705E+01  0.148343E+01  0.241197E+00
  0.310000E+00  0.263268E+01  0.147978E+01  0.231448E+00
  0.311000E+00  0.263829E+01  0.147606E+01  0.221678E+00
  0.312000E+00  0.264387E+01  0.147230E+01  0.211889E+00
  0.313000E+00  0.264943E+01  0.146847E+01  0.202081E+00
  0.314000E+00  0.265496E+01  0.146458E+01  0.192255E+00
  0.315000E+00  0.266046E+01  0.146064E+01  0.182412E+00
  0.316000E+00  0.266594E+01  0.145664E+01  0.172553E+00
  0.317000E+00  0.267139E+01  0.145258E+01  0.162678E+00
  0.318000E+00  0.267681E+01  0.144847E+01  0.152789E+00
  0.319000E+00  0.268221E+01  0.144430E+01  0.142887E+00
  0.320000E+00  0.268758E+01  0.144007E+01  0.132971E+00
  0.321000E+00  0.269293E+01  0.143578E+01  0.123044E+00
  0.322000E+00  0.269825E+01  0.143144E+01  0.113106E+00
  0.323000E+00  0.270354E+01  0.142704E+01  0.103158E+00
  0.324000E+00  0.270880E+01  0.142258E+01  0.932012E-01
  0.325000E+00  0.271404E+01  0.141807E+01  0.832357E-01
  0.326000E+00  0.271925E+01  0.141350E+01  0.732628E-01
  0.327000E+00  0.272444E+01  0.140888E+01  0.632834E-01
  0.328000E+00  0.272960E+01  0.140420E+01  0.532984E-01
  0.329000E+00  0.273473E+01  0.139946E+01  0.433087E-01
  0.330000E+00  0.273983E+01  0.139467E+01  0.333151E-01
  0.331000E+00  0.274491E+01  0.138983E+01  0.233185E-01
  0.332000E+00  0.274996E+01  0.138493E+01  0.133199E-01
  0.333000E+00  0.275498E+01  0.137997E+01  0.332010E-02
  0.334000E+00  0.275997E+01  0.137496E+01 -0.668000E-02
  0.335000E+00  0.276494E+01  0.136990E+01 -0.166795E-01
  0.336000E+00  0.276988E+01  0.136478E+01 -0.266775E-01
  0.337000E+00  0.277480E+01  0.135961E+01 -0.366732E-01
  0.338000E+00  0.277968E+01  0.135439E+01 -0.466656E-01
  0.339000E+00  0.278454E+01  0.134911E+01 -0.566538E-01
  0.340000E+00  0.278937E+01  0.134377E+01 -0.666370E-01
  0.341000E+00  0.279418E+01  0.133839E+01 -0.766143E-01
  0.342000E+00  0.279895E+01  0.133295E+01 -0.865848E-01
  0.343000E+00  0.280370E+01  0.132746E+01 -0.965476E-01
  0.344000E+00  0.280842E+01  0.132192E+01 -0.106502E+00
  0.345000E+00  0.281312E+01  0.131632E+01 -0.116447E+00
  0.346000E+00  0.281778E+01  0.131068E+01 -0.126381E+00
  0.347000E+00  0.282242E+01  0.130498E+01 -0.136304E+00
  0.348000E+00  0.282703E+01  0.129923E+01 -0.146215E+00
  0.349000E+00  0.283161E+01  0.129343E+01 -0.156113E+00
  0.350000E+00  0.283616E+01  0.128757E+01 -0.165998E+00
  0.351000E+00  0.284069E+01  0.128167E+01 -0.175867E+00
  0.352000E+00  0.284519E+01  0.127572E+01 -0.185721E+00
  0.353000E+00  0.284966E+01  0.126971E+01 -0.195558E+00
  0.354000E+00  0.285410E+01  0.126366E+01 -0.205378E+00
  0.355000E+00  0.285851E+01  0.125755E+01 -0.215180E+00
  0.356000E+00  0.286290E+01  0.125140E+01 -0.224963E+00
  0.357000E+00  0.286726E+01  0.124520E+01 -0.234725E+00
  0.358000E+00  0.287158E+01  0.123894E+01 -0.244467E+00
  0.359000E+00  0.287588E+01  0.123264E+01 -0.254187E+00
  0.360000E+00  0.288016E+01  0.122629E+01 -0.263885E+00
  0.361000E+00  0.288440E+01  0.121989E+01 -0.273559E+00
  0.362000E+00  0.288862E+01  0.121345E+01 -0.283209E+00
  0.363000E+00  0.289280E+01  0.120695E+01 -0.292833E+00
  0.364000E+00  0.289696E+01  0.120041E+01 -0.302432E+00
  0.365000E+00  0.290109E+01  0.119382E+01 -0.312004E+00
  0.366000E+00  0.290519E+01  0.118718E+01 -0.321548E+00
  0.367000E+00  0.290926E+01  0.118050E+01 -0.331063E+00
  0.368000E+00  0.291331E+01  0.117377E+01 -0.340549E+00
  0.369000E+00  0.291732E+01  0.116699E+01 -0.350005E+00
  0.370000E+00  0.292131E+01  0.116017E+01 -0.359430E+00
  0.371000E+00  0.292526E+01  0.115330E+01 -0.368823E+00
  0.372000E+00  0.292919E+01  0.114639E+01 -0.378183E+00
  0.373000E+00  0.293309E+01  0.113943E+01 -0.387509E+00
  0.374000E+00  0.293696E+01  0.113242E+01 -0.396801E+00
  0.375000E+00  0.294080E+01  0.112537E+01 -0.406058E+00
  0.376000E+00  0.294462E+01  0.111828E+01 -0.415279E+00
  0.377000E+00  0.294840E+01  0.111114E+01 -0.424462E+00
  0.378000E+00  0.295215E+01  0.110396E+01 -0.433609E+00
  0.379000E+00  0.295588E+01  0.109674E+01 -0.442716E+00
  0.380000E+00  0.295957E+01  0.108947E+01 -0.451784E+00
  0.381000E+00  0.296324E+01  0.108216E+01 -0.460813E+00
  0.382000E+00  0.296688E+01  0.107480E+01 -0.469800E+00
  0.383000E+00  0.297049E+01  0.106741E+01 -0.478745E+00
  0.384000E+00  0.297406E+01  0.105997E+01 -0.487648E+00
  0.385000E+00  0.297761E+01  0.105249E+01 -0.496508E+00
  0.386000E+00  0.298113E+01  0.104497E+01 -0.505323E+00
  0.387000E+00  0.298462E+01  0.103740E+01 -0.514094E+00
  0.388000E+00  0.298809E+01  0.102980E+01 -0.522819E+00
  0.389000E+00  0.299152E+01  0.102215E+01 -0.531498E+00
  0.390000E+00  0.299492E+01  0.101447E+01 -0.540129E+00
  0.391000E+00  0.299829E+01  0.100674E+01 -0.548712E+00
  0.392000E+00  0.300163E+01  0.998978E+00 -0.557247E+00
  0.393000E+00  0.300495E+01  0.991174E+00 -0.565732E+00
  0.394000E+00  0.300823E+01  0.983330E+00 -0.574167E+00
  0.395000E+00  0.301149E+01  0.975448E+00 -0.582551E+00
  0.396000E+00  0.301471E+01  0.967527E+00 -0.590883E+00
  0.397000E+00  0.301790E+01  0.959568E+00 -0.599162E+00
  0.398000E+00  0.302107E+01  0.951571E+00 -0.607389E+00
  0.399000E+00  0.302420E+01  0.943536E+00 -0.615561E+00
  0.400000E+00  0.302731E+01  0.935464E+00 -0.623679E+00
  0.401000E+00  0.303038E+01  0.927356E+00 -0.631742E+00
  0.402000E+00  0.303343E+01  0.919210E+00 -0.639748E+00
  0.403000E+00  0.303645E+01  0.911029E+00 -0.647697E+00
  0.404000E+00  0.303943E+01  0.902811E+00 -0.655589E+00
  0.405000E+00  0.304239E+01  0.894558E+00 -0.663423E+00
  0.406000E+00  0.304531E+01  0.886269E+00 -0.671198E+00
  0.407000E+00  0.304821E+01  0.877946E+00 -0.678913E+00
  0.408000E+00  0.305107E+01  0.869588E+00 -0.686568E+00
  0.409000E+00  0.305391E+01  0.861195E+00 -0.694161E+00
  0.410000E+00  0.305671E+01  0.852768E+00 -0.701694E+00
  0.411000E+00  0.305949E+01  0.844308E+00 -0.709163E+00
  0.412000E+00  0.306223E+01  0.835815E+00 -0.716570E+00
  0.413000E+00  0.306495E+01  0.827288E+00 -0.723913E+00
  0.414000E+00  0.306763E+01  0.818729E+00 -0.731192E+00
  0.415000E+00  0.307028E+01  0.810137E+00 -0.738406E+00
  0.416000E+00  0.307291E+01  0.801514E+00 -0.745555E+00
  0.417000E+00  0.307550E+01  0.792859E+00 -0.752637E+00
  0.418000E+00  0.307806E+01  0.784172E+00 -0.759652E+00
  0.419000E+00  0.308060E+01  0.775455E+00 -0.766600E+00
  0.420000E+00  0.308310E+01  0.766707E+00 -0.773480E+00
  0.421000E+00  0.308557E+01  0.757929E+00 -0.780291E+00
  0.422000E+00  0.308801E+01  0.749120E+00 -0.787032E+00
  0.423000E+00  0.309042E+01  0.740283E+00 -0.793704E+00
  0.424000E+00  0.309280E+01  0.731416E+00 -0.800305E+00
  0.425000E+00  0.309515E+01  0.722520E+00 -0.806835E+00
  0.426000E+00  0.309747E+01  0.713595E+00 -0.813294E+00
  0.427000E+00  0.309976E+01  0.704643E+00 -0.819680E+00
  0.428000E+00  0.310202E+01  0.695662E+00 -0.825994E+00
  0.429000E+00  0.310425E+01  0.686654E+00 -0.832234E+00
  0.430000E+00  0.310644E+01  0.677619E+00 -0.838400E+00
  0.431000E+00  0.310861E+01  0.668558E+00 -0.844492E+00
  0.432000E+00  0.311074E+01  0.659469E+00 -0.850508E+00
  0.433000E+00  0.311285E+01  0.650355E+00 -0.856450E+00
  0.434000E+00  0.311492E+01  0.641215E+00 -0.862315E+00
  0.435000E+00  0.311697E+01  0.632050E+00 -0.868103E+00
  0.436000E+00  0.311898E+01  0.622860E+00 -0.873815E+00
  0.437000E+00  0.312096E+01  0.613646E+00 -0.879448E+00
  0.438000E+00  0.312291E+01  0.604407E+00 -0.885004E+00
  0.439000E+00  0.312483E+01  0.595144E+00 -0.890481E+00
  0.440000E+00  0.312672E+01  0.585858E+00 -0.895879E+00
  0.441000E+00  0.312858E+01  0.576548E+00 -0.901197E+00
  0.442000E+00  0.313041E+01  0.567216E+00 -0.906435E+00
  0.443000E+00  0.313220E+01  0.557861E+00 -0.911593E+00
  0.444000E+00  0.313397E+01  0.548485E+00 -0.916670E+00
  0.445000E+00  0.313570E+01  0.539087E+00 -0.921665E+00
  0.446000E+00  0.313741E+01  0.529667E+00 -0.926579E+00
  0.447000E+00  0.313908E+01  0.520227E+00 -0.931410E+00
  0.448000E+00  0.314072E+01  0.510766E+00 -0.936159E+00
  0.449000E+00  0.314233E+01  0.501285E+00 -0.940824E+00
  0.450000E+00  0.314391E+01  0.491784E+00 -0.945406E+00
  0.451000E+00  0.314546E+01  0.482263E+00 -0.949903E+00
  0.452000E+00  0.314698E+01  0.472724E+00 -0.954317E+00
  0.453000E+00  0.314847E+01  0.463166E+00 -0.958645E+00
  0.454000E+00  0.314992E+01  0.453590E+00 -0.962889E+00
  0.455000E+00  0.315135E+01  0.443995E+00 -0.967047E+00
  0.456000E+00  0.315274E+01  0.434384E+00 -0.971119E+00
  0.457000E+00  0.315410E+01  0.424755E+00 -0.975105E+00
  0.458000E+00  0.315543E+01  0.415109E+00 -0.979004E+00
  0.459000E+00  0.315673E+01  0.405447E+00 -0.982816E+00
  0.460000E+00  0.315800E+01  0.395769E+00 -0.986541E+00
  0.461000E+00  0.315924E+01  0.386075E+00 -0.990178E+00
  0.462000E+00  0.316045E+01  0.376366E+00 -0.993727E+00
  0.463000E+00  0.316162E+01  0.366642E+00 -0.997189E+00
  0.464000E+00  0.316276E+01  0.356904E+00 -0.100056E+01
  0.465000E+00  0.316388E+01  0.347152E+00 -0.100384E+01
  0.466000E+00  0.316496E+01  0.337386E+00 -0.100704E+01
  0.467000E+00  0.316601E+01  0.327606E+00 -0.101014E+01
  0.468000E+00  0.316703E+01  0.317814E+00 -0.101316E+01
  0.469000E+00  0.316802E+01  0.308009E+00 -0.101608E+01
  0.470000E+00  0.316897E+01  0.298192E+00 -0.101892E+01
  0.471000E+00  0.316990E+01  0.288363E+00 -0.102166E+01
  0.472000E+00  0.317079E+01  0.278523E+00 -0.102432E+01
  0.473000E+00  0.317166E+01  0.268672E+00 -0.102688E+01
  0.474000E+00  0.317249E+01  0.258810E+00 -0.102935E+01
  0.475000E+00  0.317329E+01  0.248938E+00 -0.103173E+01
  0.476000E+00  0.317406E+01  0.239056E+00 -0.103402E+01
  0.477000E+00  0.317479E+01  0.229165E+00 -0.103622E+01
  0.478000E+00  0.317550E+01  0.219265E+00 -0.103832E+01
  0.479000E+00  0.317618E+01  0.209356E+00 -0.104033E+01
  0.480000E+00  0.317682E+01  0.199439E+00 -0.104225E+01
  0.481000E+00  0.317743E+01  0.189513E+00 -0.104408E+01
  0.482000E+00  0.317801E+01  0.179581E+00 -0.104582E+01
  0.483000E+00  0.317856E+01  0.169641E+00 -0.104746E+01
  0.484000E+00  0.317908E+01  0.159695E+00 -0.104901E+01
  0.485000E+00  0.317957E+01  0.149742E+00 -0.105046E+01
  0.486000E+00  0.318002E+01  0.139783E+00 -0.105182E+01
  0.487000E+00  0.318045E+01  0.129819E+00 -0.105309E+01
  0.488000E+00  0.318084E+01  0.119850E+00 -0.105427E+01
  0.489000E+00  0.318120E+01  0.109876E+00 -0.105535E+01
  0.490000E+00  0.318153E+01  0.998979E-01 -0.105634E+01
  0.491000E+00  0.318183E+01  0.899156E-01 -0.105723E+01
  0.492000E+00  0.318209E+01  0.799298E-01 -0.105803E+01
  0.493000E+00  0.318233E+01  0.699408E-01 -0.105874E+01
  0.494000E+00  0.318253E+01  0.599491E-01 -0.105935E+01
  0.495000E+00  0.318271E+01  0.499550E-01 -0.105987E+01
  0.496000E+00  0.318285E+01  0.399590E-01 -0.106029E+01
  0.497000E+00  0.318296E+01  0.299613E-01 -0.106062E+01
  0.498000E+00  0.318304E+01  0.199625E-01 -0.106086E+01
  0.499000E+00  0.318308E+01  0.996291E-02 -0.106100E+01
  0.500000E+00  0.318310E+01 -0.370906E-04 -0.106104E+01
  0.501000E+00  0.318308E+01 -0.100371E-01 -0.106100E+01
  0.502000E+00  0.318304E+01 -0.200367E-01 -0.106086E+01
  0.503000E+00  0.318296E+01 -0.300355E-01 -0.106062E+01
  0.504000E+00  0.318285E+01 -0.400331E-01 -0.106029E+01
  0.505000E+00  0.318271E+01 -0.500292E-01 -0.105987E+01
  0.506000E+00  0.318253E+01 -0.600232E-01 -0.105935E+01
  0.507000E+00  0.318233E+01 -0.700149E-01 -0.105873E+01
  0.508000E+00  0.318209E+01 -0.800039E-01 -0.105803E+01
  0.509000E+00  0.318183E+01 -0.899897E-01 -0.105723E+01
  0.510000E+00  0.318153E+01 -0.999719E-01 -0.105633E+01
  0.511000E+00  0.318120E+01 -0.109950E+00 -0.105535E+01
  0.512000E+00  0.318084E+01 -0.119924E+00 -0.105426E+01
  0.513000E+00  0.318045E+01 -0.129893E+00 -0.105309E+01
  0.514000E+00  0.318002E+01 -0.139857E+00 -0.105182E+01
  0.515000E+00  0.317957E+01 -0.149816E+00 -0.105046E+01
  0.516000E+00  0.317908E+01 -0.159769E+00 -0.104900E+01
  0.517000E+00  0.317856E+01 -0.169715E+00 -0.104745E+01
  0.518000E+00  0.317801E+01 -0.179655E+00 -0.104581E+01
  0.519000E+00  0.317743E+01 -0.189587E+00 -0.104407E+01
  0.520000E+00  0.317682E+01 -0.199512E+00 -0.104225E+01
  0.521000E+00  0.317617E+01 -0.209429E+00 -0.104033E+01
  0.522000E+00  0.317550E+01 -0.219338E+00 -0.103831E+01
  0.523000E+00  0.317479E+01 -0.229238E+00 -0.103621E+01
  0.524000E+00  0.317406E+01 -0.239130E+00 -0.103401E+01
  0.525000E+00  0.317329E+01 -0.249011E+00 -0.103172E+01
  0.526000E+00  0.317249E+01 -0.258883E+00 -0.102934E+01
  0.527000E+00  0.317166E+01 -0.268745E+00 -0.102687E+01
  0.528000E+00  0.317079E+01 -0.278596E+00 -0.102431E+01
  0.529000E+00  0.316990E+01 -0.288436E+00 -0.102165E+01
  0.530000E+00  0.316897E+01 -0.298265E+00 -0.101891E+01
  0.531000E+00  0.316802E+01 -0.308082E+00 -0.101607E+01
  0.532000E+00  0.316703E+01 -0.317887E+00 -0.101315E+01
  0.533000E+00  0.316601E+01 -0.327679E+00 -0.101013E+01
  0.534000E+00  0.316496E+01 -0.337458E+00 -0.100703E+01
  0.535000E+00  0.316388E+01 -0.347224E+00 -0.100383E+01
  0.536000E+00  0.316276E+01 -0.356976E+00 -0.100055E+01
  0.537000E+00  0.316162E+01 -0.366715E+00 -0.997175E+00
  0.538000E+00  0.316044E+01 -0.376438E+00 -0.993714E+00
  0.539000E+00  0.315924E+01 -0.386147E+00 -0.990164E+00
  0.540000E+00  0.315800E+01 -0.395841E+00 -0.986526E+00
  0.541000E+00  0.315673E+01 -0.405519E+00 -0.982801E+00
  0.542000E+00  0.315543E+01 -0.415181E+00 -0.978988E+00
  0.543000E+00  0.315410E+01 -0.424826E+00 -0.975089E+00
  0.544000E+00  0.315274E+01 -0.434455E+00 -0.971103E+00
  0.545000E+00  0.315134E+01 -0.444067E+00 -0.967030E+00
  0.546000E+00  0.314992E+01 -0.453661E+00 -0.962872E+00
  0.547000E+00  0.314846E+01 -0.463237E+00 -0.958628E+00
  0.548000E+00  0.314698E+01 -0.472795E+00 -0.954299E+00
  0.549000E+00  0.314546E+01 -0.482334E+00 -0.949886E+00
  0.550000E+00  0.314391E+01 -0.491854E+00 -0.945388E+00
  0.551000E+00  0.314233E+01 -0.501355E+00 -0.940805E+00
  0.552000E+00  0.314072E+01 -0.510836E+00 -0.936140E+00
  0.553000E+00  0.313908E+01 -0.520297E+00 -0.931391E+00
  0.554000E+00  0.313740E+01 -0.529737E+00 -0.926559E+00
  0.555000E+00  0.313570E+01 -0.539156E+00 -0.921646E+00
  0.556000E+00  0.313397E+01 -0.548554E+00 -0.916650E+00
  0.557000E+00  0.313220E+01 -0.557931E+00 -0.911573E+00
  0.558000E+00  0.313040E+01 -0.567285E+00 -0.906415E+00
  0.559000E+00  0.312858E+01 -0.576617E+00 -0.901176E+00
  0.560000E+00  0.312672E+01 -0.585927E+00 -0.895857E+00
  0.561000E+00  0.312483E+01 -0.595213E+00 -0.890459E+00
  0.562000E+00  0.312291E+01 -0.604475E+00 -0.884982E+00
  0.563000E+00  0.312096E+01 -0.613714E+00 -0.879426E+00
  0.564000E+00  0.311898E+01 -0.622929E+00 -0.873792E+00
  0.565000E+00  0.311696E+01 -0.632118E+00 -0.868080E+00
  0.566000E+00  0.311492E+01 -0.641283E+00 -0.862291E+00
  0.567000E+00  0.311285E+01 -0.650423E+00 -0.856426E+00
  0.568000E+00  0.311074E+01 -0.659537E+00 -0.850485E+00
  0.569000E+00  0.310861E+01 -0.668625E+00 -0.844468E+00
  0.570000E+00  0.310644E+01 -0.677686E+00 -0.838376E+00
  0.571000E+00  0.310424E+01 -0.686721E+00 -0.832209E+00
  0.572000E+00  0.310202E+01 -0.695729E+00 -0.825969E+00
  0.573000E+00  0.309976E+01 -0.704709E+00 -0.819655E+00
  0.574000E+00  0.309747E+01 -0.713661E+00 -0.813268E+00
  0.575000E+00  0.309515E+01 -0.722586E+00 -0.806810E+00
  0.576000E+00  0.309280E+01 -0.731481E+00 -0.800279E+00
  0.577000E+00  0.309042E+01 -0.740348E+00 -0.793678E+00
  0.578000E+00  0.308801E+01 -0.749186E+00 -0.787006E+00
  0.579000E+00  0.308557E+01 -0.757994E+00 -0.780264E+00
  0.580000E+00  0.308310E+01 -0.766772E+00 -0.773452E+00
  0.581000E+00  0.308059E+01 -0.775520E+00 -0.766572E+00
  0.582000E+00  0.307806E+01 -0.784237E+00 -0.759624E+00
  0.583000E+00  0.307550E+01 -0.792923E+00 -0.752609E+00
  0.584000E+00  0.307290E+01 -0.801578E+00 -0.745526E+00
  0.585000E+00  0.307028E+01 -0.810201E+00 -0.738378E+00
  0.586000E+00  0.306763E+01 -0.818793E+00 -0.731163E+00
  0.587000E+00  0.306494E+01 -0.827351E+00 -0.723884E+00
  0.588000E+00  0.306223E+01 -0.835878E+00 -0.716541E+00
  0.589000E+00  0.305948E+01 -0.844371E+00 -0.709134E+00
  0.590000E+00  0.305671E+01 -0.852831E+00 -0.701664E+00
  0.591000E+00  0.305390E+01 -0.861257E+00 -0.694131E+00
  0.592000E+00  0.305107E+01 -0.869650E+00 -0.686537E+00
  0.593000E+00  0.304820E+01 -0.878008E+00 -0.678882E+00
  0.594000E+00  0.304531E+01 -0.886331E+00 -0.671167E+00
  0.595000E+00  0.304238E+01 -0.894619E+00 -0.663392E+00
  0.596000E+00  0.303943E+01 -0.902872E+00 -0.655558E+00
  0.597000E+00  0.303644E+01 -0.911090E+00 -0.647666E+00
  0.598000E+00  0.303343E+01 -0.919271E+00 -0.639716E+00
  0.599000E+00  0.303038E+01 -0.927416E+00 -0.631710E+00
  0.600000E+00  0.302731E+01 -0.935524E+00 -0.623647E+00
  0.601000E+00  0.302420E+01 -0.943596E+00 -0.615529E+00
  0.602000E+00  0.302107E+01 -0.951630E+00 -0.607356E+00
  0.603000E+00  0.301790E+01 -0.959627E+00 -0.599130E+00
  0.604000E+00  0.301471E+01 -0.967586E+00 -0.590850E+00
  0.605000E+00  0.301148E+01 -0.975506E+00 -0.582517E+00
  0.606000E+00  0.300823E+01 -0.983389E+00 -0.574133E+00
  0.607000E+00  0.300494E+01 -0.991232E+00 -0.565698E+00
  0.608000E+00  0.300163E+01 -0.999036E+00 -0.557213E+00
  0.609000E+00  0.299829E+01 -0.100680E+01 -0.548678E+00
  0.610000E+00  0.299492E+01 -0.101453E+01 -0.540095E+00
  0.611000E+00  0.299151E+01 -0.102221E+01 -0.531463E+00
  0.612000E+00  0.298808E+01 -0.102986E+01 -0.522784E+00
  0.613000E+00  0.298462E+01 -0.103746E+01 -0.514059E+00
  0.614000E+00  0.298113E+01 -0.104502E+01 -0.505288E+00
  0.615000E+00  0.297761E+01 -0.105254E+01 -0.496473E+00
  0.616000E+00  0.297406E+01 -0.106002E+01 -0.487613E+00
  0.617000E+00  0.297048E+01 -0.106746E+01 -0.478710E+00
  0.618000E+00  0.296687E+01 -0.107486E+01 -0.469764E+00
  0.619000E+00  0.296324E+01 -0.108221E+01 -0.460777E+00
  0.620000E+00  0.295957E+01 -0.108952E+01 -0.451748E+00
  0.621000E+00  0.295587E+01 -0.109679E+01 -0.442680E+00
  0.622000E+00  0.295215E+01 -0.110402E+01 -0.433572E+00
  0.623000E+00  0.294839E+01 -0.111120E+01 -0.424426E+00
  0.624000E+00  0.294461E+01 -0.111833E+01 -0.415242E+00
  0.625000E+00  0.294080E+01 -0.112543E+01 -0.406021E+00
  0.626000E+00  0.293696E+01 -0.113248E+01 -0.396764E+00
  0.627000E+00  0.293309E+01 -0.113948E+01 -0.387472E+00
  0.628000E+00  0.292919E+01 -0.114644E+01 -0.378145E+00
  0.629000E+00  0.292526E+01 -0.115335E+01 -0.368785E+00
  0.630000E+00  0.292130E+01 -0.116022E+01 -0.359392E+00
  0.631000E+00  0.291732E+01 -0.116704E+01 -0.349968E+00
  0.632000E+00  0.291330E+01 -0.117382E+01 -0.340512E+00
  0.633000E+00  0.290926E+01 -0.118055E+01 -0.331025E+00
  0.634000E+00  0.290519E+01 -0.118723E+01 -0.321510E+00
  0.635000E+00  0.290108E+01 -0.119387E+01 -0.311966E+00
  0.636000E+00  0.289696E+01 -0.120046E+01 -0.302394E+00
  0.637000E+00  0.289280E+01 -0.120700E+01 -0.292795E+00
  0.638000E+00  0.288861E+01 -0.121349E+01 -0.283170E+00
  0.639000E+00  0.288440E+01 -0.121994E+01 -0.273521E+00
  0.640000E+00  0.288015E+01 -0.122634E+01 -0.263846E+00
  0.641000E+00  0.287588E+01 -0.123269E+01 -0.254149E+00
  0.642000E+00  0.287158E+01 -0.123899E+01 -0.244429E+00
  0.643000E+00  0.286725E+01 -0.124524E+01 -0.234687E+00
  0.644000E+00  0.286289E+01 -0.125145E+01 -0.224924E+00
  0.645000E+00  0.285851E+01 -0.125760E+01 -0.215141E+00
  0.646000E+00  0.285409E+01 -0.126370E+01 -0.205339E+00
  0.647000E+00  0.284965E+01 -0.126976E+01 -0.195519E+00
  0.648000E+00  0.284518E+01 -0.127576E+01 -0.185682E+00
  0.649000E+00  0.284069E+01 -0.128171E+01 -0.175828E+00
  0.650000E+00  0.283616E+01 -0.128762E+01 -0.165958E+00
  0.651000E+00  0.283161E+01 -0.129347E+01 -0.156074E+00
  0.652000E+00  0.282702E+01 -0.129927E+01 -0.146176E+00
  0.653000E+00  0.282241E+01 -0.130502E+01 -0.136265E+00
  0.654000E+00  0.281778E+01 -0.131072E+01 -0.126342E+00
  0.655000E+00  0.281311E+01 -0.131637E+01 -0.116407E+00
  0.656000E+00  0.280842E+01 -0.132196E+01 -0.106462E+00
  0.657000E+00  0.280370E+01 -0.132750E+01 -0.965080E-01
  0.658000E+00  0.279895E+01 -0.133299E+01 -0.865451E-01
  0.659000E+00  0.279417E+01 -0.133843E+01 -0.765746E-01
  0.660000E+00  0.278937E+01 -0.134381E+01 -0.665973E-01
  0.661000E+00  0.278454E+01 -0.134915E+01 -0.566141E-01
  0.662000E+00  0.277968E+01 -0.135442E+01 -0.466258E-01
  0.663000E+00  0.277479E+01 -0.135965E+01 -0.366334E-01
  0.664000E+00  0.276988E+01 -0.136482E+01 -0.266377E-01
  0.665000E+00  0.276494E+01 -0.136994E+01 -0.166397E-01
  0.666000E+00  0.275997E+01 -0.137500E+01 -0.664017E-02
  0.667000E+00  0.275497E+01 -0.138001E+01  0.335993E-02
  0.668000E+00  0.274995E+01 -0.138496E+01  0.133597E-01
  0.669000E+00  0.274490E+01 -0.138986E+01  0.233583E-01
  0.670000E+00  0.273982E+01 -0.139471E+01  0.333549E-01
  0.671000E+00  0.273472E+01 -0.139950E+01  0.433485E-01
  0.672000E+00  0.272959E+01 -0.140423E+01  0.533382E-01
  0.673000E+00  0.272443E+01 -0.140891E+01  0.633232E-01
  0.674000E+00  0.271925E+01 -0.141353E+01  0.733025E-01
  0.675000E+00  0.271403E+01 -0.141810E+01  0.832754E-01
  0.676000E+00  0.270880E+01 -0.142261E+01  0.932408E-01
  0.677000E+00  0.270353E+01 -0.142707E+01  0.103198E+00
  0.678000E+00  0.269824E+01 -0.143147E+01  0.113146E+00
  0.679000E+00  0.269292E+01 -0.143581E+01  0.123084E+00
  0.680000E+00  0.268758E+01 -0.144010E+01  0.133011E+00
  0.681000E+00  0.268220E+01 -0.144433E+01  0.142926E+00
  0.682000E+00  0.267681E+01 -0.144850E+01  0.152829E+00
  0.683000E+00  0.267138E+01 -0.145261E+01  0.162718E+00
  0.684000E+00  0.266593E+01 -0.145667E+01  0.172592E+00
  0.685000E+00  0.266045E+01 -0.146067E+01  0.182451E+00
  0.686000E+00  0.265495E+01 -0.146461E+01  0.192294E+00
  0.687000E+00  0.264942E+01 -0.146850E+01  0.202120E+00
  0.688000E+00  0.264387E+01 -0.147232E+01  0.211928E+00
  0.689000E+00  0.263828E+01 -0.147609E+01  0.221717E+00
  0.690000E+00  0.263268E+01 -0.147980E+01  0.231486E+00
  0.691000E+00  0.262704E+01 -0.148345E+01  0.241235E+00
  0.692000E+00  0.262138E+01 -0.148705E+01  0.250963E+00
  0.693000E+00  0.261570E+01 -0.149058E+01  0.260668E+00
  0.694000E+00  0.260998E+01 -0.149406E+01  0.270350E+00
  0.695000E+00  0.260425E+01 -0.149747E+01  0.280008E+00
  0.696000E+00  0.259848E+01 -0.150083E+01  0.289641E+00
  0.697000E+00  0.259270E+01 -0.150413E+01  0.299248E+00
  0.698000E+00  0.258688E+01 -0.150737E+01  0.308829E+00
  0.699000E+00  0.258104E+01 -0.151055E+01  0.318382E+00
  0.700000E+00  0.257518E+01 -0.151367E+01  0.327907E+00
  0.701000E+00  0.256929E+01 -0.151673E+01  0.337403E+00
  0.702000E+00  0.256337E+01 -0.151973E+01  0.346869E+00
  0.703000E+00  0.255743E+01 -0.152267E+01  0.356304E+00
  0.704000E+00  0.255146E+01 -0.152555E+01  0.365708E+00
  0.705000E+00  0.254547E+01 -0.152837E+01  0.375079E+00
  0.706000E+00  0.253945E+01 -0.153113E+01  0.384416E+00
  0.707000E+00  0.253341E+01 -0.153383E+01  0.393720E+00
  0.708000E+00  0.252735E+01 -0.153646E+01  0.402989E+00
  0.709000E+00  0.252125E+01 -0.153904E+01  0.412221E+00
  0.710000E+00  0.251514E+01 -0.154156E+01  0.421418E+00
  0.711000E+00  0.250900E+01 -0.154402E+01  0.430576E+00
  0.712000E+00  0.250283E+01 -0.154641E+01  0.439697E+00
  0.713000E+00  0.249664E+01 -0.154875E+01  0.448778E+00
  0.714000E+00  0.249042E+01 -0.155102E+01  0.457820E+00
  0.715000E+00  0.248418E+01 -0.155323E+01  0.466821E+00
  0.716000E+00  0.247792E+01 -0.155538E+01  0.475780E+00
  0.717000E+00  0.247163E+01 -0.155747E+01  0.484697E+00
  0.718000E+00  0.246532E+01 -0.155950E+01  0.493571E+00
  0.719000E+00  0.245898E+01 -0.156146E+01  0.502402E+00
  0.720000E+00  0.245262E+01 -0.156337E+01  0.511187E+00
  0.721000E+00  0.244623E+01 -0.156521E+01  0.519927E+00
  0.722000E+00  0.243982E+01 -0.156699E+01  0.528621E+00
  0.723000E+00  0.243338E+01 -0.156871E+01  0.537269E+00
  0.724000E+00  0.242693E+01 -0.157037E+01  0.545868E+00
  0.725000E+00  0.242044E+01 -0.157196E+01  0.554419E+00
  0.726000E+00  0.241394E+01 -0.157349E+01  0.562920E+00
  0.727000E+00  0.240741E+01 -0.157497E+01  0.571372E+00
  0.728000E+00  0.240085E+01 -0.157637E+01  0.579773E+00
  0.729000E+00  0.239427E+01 -0.157772E+01  0.588122E+00
  0.730000E+00  0.238767E+01 -0.157901E+01  0.596419E+00
  0.731000E+00  0.238105E+01 -0.158023E+01  0.604664E+00
  0.732000E+00  0.237440E+01 -0.158139E+01  0.612854E+00
  0.733000E+00  0.236773E+01 -0.158248E+01  0.620990E+00
  0.734000E+00  0.236103E+01 -0.158352E+01  0.629071E+00
  0.735000E+00  0.235431E+01 -0.158449E+01  0.637096E+00
  0.736000E+00  0.234757E+01 -0.158540E+01  0.645064E+00
  0.737000E+00  0.234081E+01 -0.158625E+01  0.652975E+00
  0.738000E+00  0.233402E+01 -0.158703E+01  0.660828E+00
  0.739000E+00  0.232721E+01 -0.158775E+01  0.668623E+00
  0.740000E+00  0.232037E+01 -0.158841E+01  0.676358E+00
  0.741000E+00  0.231352E+01 -0.158901E+01  0.684033E+00
  0.742000E+00  0.230664E+01 -0.158954E+01  0.691647E+00
  0.743000E+00  0.229973E+01 -0.159001E+01  0.699200E+00
  0.744000E+00  0.229281E+01 -0.159042E+01  0.706690E+00
  0.745000E+00  0.228586E+01 -0.159076E+01  0.714118E+00
  0.746000E+00  0.227889E+01 -0.159105E+01  0.721483E+00
  0.747000E+00  0.227190E+01 -0.159127E+01  0.728783E+00
  0.748000E+00  0.226488E+01 -0.159142E+01  0.736018E+00
  0.749000E+00  0.225785E+01 -0.159152E+01  0.743189E+00
  0.750000E+00  0.225079E+01 -0.159155E+01  0.750293E+00
  0.751000E+00  0.224370E+01 -0.159152E+01  0.757330E+00
  0.752000E+00  0.223660E+01 -0.159142E+01  0.764301E+00
  0.753000E+00  0.222947E+01 -0.159126E+01  0.771203E+00
  0.754000E+00  0.222232E+01 -0.159104E+01  0.778037E+00
  0.755000E+00  0.221515E+01 -0.159076E+01  0.784802E+00
  0.756000E+00  0.220796E+01 -0.159042E+01  0.791497E+00
  0.757000E+00  0.220075E+01 -0.159001E+01  0.798121E+00
  0.758000E+00  0.219351E+01 -0.158954E+01  0.804675E+00
  0.759000E+00  0.218625E+01 -0.158900E+01  0.811158E+00
  0.760000E+00  0.217898E+01 -0.158840E+01  0.817568E+00
  0.761000E+00  0.217167E+01 -0.158774E+01  0.823906E+00
  0.762000E+00  0.216435E+01 -0.158702E+01  0.830170E+00
  0.763000E+00  0.215701E+01 -0.158624E+01  0.836361E+00
  0.764000E+00  0.214964E+01 -0.158539E+01  0.842478E+00
  0.765000E+00  0.214226E+01 -0.158448E+01  0.848519E+00
  0.766000E+00  0.213485E+01 -0.158351E+01  0.854486E+00
  0.767000E+00  0.212742E+01 -0.158247E+01  0.860376E+00
  0.768000E+00  0.211998E+01 -0.158137E+01  0.866190E+00
  0.769000E+00  0.211251E+01 -0.158021E+01  0.871927E+00
  0.770000E+00  0.210501E+01 -0.157899E+01  0.877586E+00
  0.771000E+00  0.209750E+01 -0.157771E+01  0.883168E+00
  0.772000E+00  0.208997E+01 -0.157636E+01  0.888671E+00
  0.773000E+00  0.208242E+01 -0.157495E+01  0.894095E+00
  0.774000E+00  0.207484E+01 -0.157348E+01  0.899440E+00
  0.775000E+00  0.206725E+01 -0.157194E+01  0.904705E+00
  0.776000E+00  0.205964E+01 -0.157035E+01  0.909890E+00
  0.777000E+00  0.205200E+01 -0.156869E+01  0.914993E+00
  0.778000E+00  0.204435E+01 -0.156697E+01  0.920016E+00
  0.779000E+00  0.203667E+01 -0.156519E+01  0.924957E+00
  0.780000E+00  0.202898E+01 -0.156335E+01  0.929815E+00
  0.781000E+00  0.202126E+01 -0.156144E+01  0.934591E+00
  0.782000E+00  0.201353E+01 -0.155947E+01  0.939284E+00
  0.783000E+00  0.200577E+01 -0.155745E+01  0.943894E+00
  0.784000E+00  0.199800E+01 -0.155536E+01  0.948419E+00
  0.785000E+00  0.199020E+01 -0.155321E+01  0.952861E+00
  0.786000E+00  0.198239E+01 -0.155099E+01  0.957218E+00
  0.787000E+00  0.197455E+01 -0.154872E+01  0.961489E+00
  0.788000E+00  0.196670E+01 -0.154638E+01  0.965676E+00
  0.789000E+00  0.195883E+01 -0.154399E+01  0.969776E+00
  0.790000E+00  0.195094E+01 -0.154153E+01  0.973791E+00
  0.791000E+00  0.194303E+01 -0.153901E+01  0.977719E+00
  0.792000E+00  0.193510E+01 -0.153644E+01  0.981560E+00
  0.793000E+00  0.192715E+01 -0.153380E+01  0.985314E+00
  0.794000E+00  0.191918E+01 -0.153110E+01  0.988980E+00
  0.795000E+00  0.191119E+01 -0.152834E+01  0.992559E+00
  0.796000E+00  0.190318E+01 -0.152552E+01  0.996049E+00
  0.797000E+00  0.189516E+01 -0.152264E+01  0.999451E+00
  0.798000E+00  0.188711E+01 -0.151970E+01  0.100276E+01
  0.799000E+00  0.187905E+01 -0.151669E+01  0.100599E+01
  0.800000E+00  0.187097E+01 -0.151363E+01  0.100912E+01
  0.801000E+00  0.186287E+01 -0.151051E+01  0.101217E+01
  0.802000E+00  0.185475E+01 -0.150733E+01  0.101512E+01
  0.803000E+00  0.184662E+01 -0.150409E+01  0.101799E+01
  0.804000E+00  0.183846E+01 -0.150079E+01  0.102076E+01
  0.805000E+00  0.183029E+01 -0.149744E+01  0.102345E+01
  0.806000E+00  0.182210E+01 -0.149402E+01  0.102604E+01
  0.807000E+00  0.181389E+01 -0.149054E+01  0.102854E+01
  0.808000E+00  0.180567E+01 -0.148701E+01  0.103095E+01
  0.809000E+00  0.179742E+01 -0.148341E+01  0.103327E+01
  0.810000E+00  0.178916E+01 -0.147976E+01  0.103550E+01
  0.811000E+00  0.178088E+01 -0.147605E+01  0.103763E+01
  0.812000E+00  0.177258E+01 -0.147228E+01  0.103968E+01
  0.813000E+00  0.176427E+01 -0.146845E+01  0.104163E+01
  0.814000E+00  0.175594E+01 -0.146457E+01  0.104348E+01
  0.815000E+00  0.174759E+01 -0.146063E+01  0.104525E+01
  0.816000E+00  0.173922E+01 -0.145663E+01  0.104692E+01
  0.817000E+00  0.173084E+01 -0.145257E+01  0.104850E+01
  0.818000E+00  0.172243E+01 -0.144845E+01  0.104999E+01
  0.819000E+00  0.171402E+01 -0.144428E+01  0.105138E+01
  0.820000E+00  0.170558E+01 -0.144005E+01  0.105268E+01
  0.821000E+00  0.169713E+01 -0.143576E+01  0.105389E+01
  0.822000E+00  0.168866E+01 -0.143142E+01  0.105500E+01
  0.823000E+00  0.168018E+01 -0.142702E+01  0.105602E+01
  0.824000E+00  0.167167E+01 -0.142256E+01  0.105694E+01
  0.825000E+00  0.166316E+01 -0.141805E+01  0.105778E+01
  0.826000E+00  0.165462E+01 -0.141348E+01  0.105851E+01
  0.827000E+00  0.164607E+01 -0.140886E+01  0.105916E+01
  0.828000E+00  0.163750E+01 -0.140418E+01  0.105971E+01
  0.829000E+00  0.162892E+01 -0.139944E+01  0.106016E+01
  0.830000E+00  0.162032E+01 -0.139465E+01  0.106052E+01
  0.831000E+00  0.161171E+01 -0.138981E+01  0.106079E+01
  0.832000E+00  0.160307E+01 -0.138491E+01  0.106096E+01
  0.833000E+00  0.159443E+01 -0.137995E+01  0.106104E+01
  0.834000E+00  0.158576E+01 -0.137494E+01  0.106102E+01
  0.835000E+00  0.157709E+01 -0.136988E+01  0.106091E+01
  0.836000E+00  0.156839E+01 -0.136476E+01  0.106071E+01
  0.837000E+00  0.155968E+01 -0.135959E+01  0.106041E+01
  0.838000E+00  0.155096E+01 -0.135437E+01  0.106002E+01
  0.839000E+00  0.154222E+01 -0.134909E+01  0.105953E+01
  0.840000E+00  0.153346E+01 -0.134376E+01  0.105895E+01
  0.841000E+00  0.152469E+01 -0.133837E+01  0.105827E+01
  0.842000E+00  0.151590E+01 -0.133293E+01  0.105750E+01
  0.843000E+00  0.150710E+01 -0.132744E+01  0.105664E+01
  0.844000E+00  0.149829E+01 -0.132190E+01  0.105568E+01
  0.845000E+00  0.148946E+01 -0.131630E+01  0.105463E+01
  0.846000E+00  0.148061E+01 -0.131066E+01  0.105349E+01
  0.847000E+00  0.147175E+01 -0.130496E+01  0.105225E+01
  0.848000E+00  0.146288E+01 -0.129921E+01  0.105092E+01
  0.849000E+00  0.145399E+01 -0.129341E+01  0.104949E+01
  0.850000E+00  0.144509E+01 -0.128755E+01  0.104798E+01
  0.851000E+00  0.143617E+01 -0.128165E+01  0.104636E+01
  0.852000E+00  0.142724E+01 -0.127569E+01  0.104466E+01
  0.853000E+00  0.141829E+01 -0.126969E+01  0.104286E+01
  0.854000E+00  0.140933E+01 -0.126364E+01  0.104097E+01
  0.855000E+00  0.140036E+01 -0.125753E+01  0.103899E+01
  0.856000E+00  0.139137E+01 -0.125138E+01  0.103692E+01
  0.857000E+00  0.138237E+01 -0.124517E+01  0.103475E+01
  0.858000E+00  0.137336E+01 -0.123892E+01  0.103249E+01
  0.859000E+00  0.136433E+01 -0.123262E+01  0.103014E+01
  0.860000E+00  0.135529E+01 -0.122627E+01  0.102770E+01
  0.861000E+00  0.134623E+01 -0.121987E+01  0.102517E+01
  0.862000E+00  0.133717E+01 -0.121342E+01  0.102254E+01
  0.863000E+00  0.132808E+01 -0.120693E+01  0.101983E+01
  0.864000E+00  0.131899E+01 -0.120039E+01  0.101702E+01
  0.865000E+00  0.130988E+01 -0.119380E+01  0.101413E+01
  0.866000E+00  0.130076E+01 -0.118716E+01  0.101114E+01
  0.867000E+00  0.129163E+01 -0.118047E+01  0.100807E+01
  0.868000E+00  0.128248E+01 -0.117374E+01  0.100490E+01
  0.869000E+00  0.127332E+01 -0.116697E+01  0.100165E+01
  0.870000E+00  0.126415E+01 -0.116014E+01  0.998305E+00
  0.871000E+00  0.125497E+01 -0.115328E+01  0.994873E+00
  0.872000E+00  0.124577E+01 -0.114636E+01  0.991352E+00
  0.873000E+00  0.123656E+01 -0.113940E+01  0.987744E+00
  0.874000E+00  0.122734E+01 -0.113240E+01  0.984047E+00
  0.875000E+00  0.121811E+01 -0.112535E+01  0.980264E+00
  0.876000E+00  0.120886E+01 -0.111825E+01  0.976393E+00
  0.877000E+00  0.119961E+01 -0.111112E+01  0.972436E+00
  0.878000E+00  0.119034E+01 -0.110394E+01  0.968392E+00
  0.879000E+00  0.118106E+01 -0.109671E+01  0.964262E+00
  0.880000E+00  0.117177E+01 -0.108944E+01  0.960047E+00
  0.881000E+00  0.116246E+01 -0.108213E+01  0.955746E+00
  0.882000E+00  0.115315E+01 -0.107478E+01  0.951360E+00
  0.883000E+00  0.114382E+01 -0.106738E+01  0.946890E+00
  0.884000E+00  0.113448E+01 -0.105994E+01  0.942336E+00
  0.885000E+00  0.112514E+01 -0.105246E+01  0.937698E+00
  0.886000E+00  0.111578E+01 -0.104494E+01  0.932977E+00
  0.887000E+00  0.110640E+01 -0.103737E+01  0.928173E+00
  0.888000E+00  0.109702E+01 -0.102977E+01  0.923286E+00
  0.889000E+00  0.108763E+01 -0.102213E+01  0.918318E+00
  0.890000E+00  0.107823E+01 -0.101444E+01  0.913267E+00
  0.891000E+00  0.106881E+01 -0.100671E+01  0.908136E+00
  0.892000E+00  0.105939E+01 -0.998949E+00  0.902924E+00
  0.893000E+00  0.104995E+01 -0.991145E+00  0.897632E+00
  0.894000E+00  0.104051E+01 -0.983301E+00  0.892260E+00
  0.895000E+00  0.103105E+01 -0.975419E+00  0.886809E+00
  0.896000E+00  0.102159E+01 -0.967498E+00  0.881279E+00
  0.897000E+00  0.101211E+01 -0.959538E+00  0.875671E+00
  0.898000E+00  0.100262E+01 -0.951541E+00  0.869985E+00
  0.899000E+00  0.993127E+00 -0.943506E+00  0.864222E+00
  0.900000E+00  0.983621E+00 -0.935434E+00  0.858382E+00
  0.901000E+00  0.974106E+00 -0.927326E+00  0.852466E+00
  0.902000E+00  0.964581E+00 -0.919180E+00  0.846474E+00
  0.903000E+00  0.955046E+00 -0.910998E+00  0.840407E+00
  0.904000E+00  0.945502E+00 -0.902781E+00  0.834265E+00
  0.905000E+00  0.935949E+00 -0.894527E+00  0.828049E+00
  0.906000E+00  0.926387E+00 -0.886238E+00  0.821759E+00
  0.907000E+00  0.916815E+00 -0.877915E+00  0.815397E+00
  0.908000E+00  0.907234E+00 -0.869556E+00  0.808962E+00
  0.909000E+00  0.897644E+00 -0.861164E+00  0.802455E+00
  0.910000E+00  0.888046E+00 -0.852737E+00  0.795877E+00
  0.911000E+00  0.878439E+00 -0.844277E+00  0.789228E+00
  0.912000E+00  0.868823E+00 -0.835783E+00  0.782510E+00
  0.913000E+00  0.859198E+00 -0.827256E+00  0.775721E+00
  0.914000E+00  0.849565E+00 -0.818697E+00  0.768864E+00
  0.915000E+00  0.839923E+00 -0.810105E+00  0.761939E+00
  0.916000E+00  0.830274E+00 -0.801482E+00  0.754945E+00
  0.917000E+00  0.820616E+00 -0.792827E+00  0.747885E+00
  0.918000E+00  0.810950E+00 -0.784140E+00  0.740758E+00
  0.919000E+00  0.801276E+00 -0.775422E+00  0.733566E+00
  0.920000E+00  0.791594E+00 -0.766674E+00  0.726308E+00
  0.921000E+00  0.781904E+00 -0.757896E+00  0.718986E+00
  0.922000E+00  0.772207E+00 -0.749088E+00  0.711600E+00
  0.923000E+00  0.762502E+00 -0.740250E+00  0.704151E+00
  0.924000E+00  0.752789E+00 -0.731383E+00  0.696639E+00
  0.925000E+00  0.743069E+00 -0.722487E+00  0.689065E+00
  0.926000E+00  0.733341E+00 -0.713562E+00  0.681430E+00
  0.927000E+00  0.723607E+00 -0.704609E+00  0.673735E+00
  0.928000E+00  0.713865E+00 -0.695629E+00  0.665980E+00
  0.929000E+00  0.704116E+00 -0.686621E+00  0.658165E+00
  0.930000E+00  0.694361E+00 -0.677586E+00  0.650292E+00
  0.931000E+00  0.684598E+00 -0.668524E+00  0.642362E+00
  0.932000E+00  0.674829E+00 -0.659436E+00  0.634374E+00
  0.933000E+00  0.665053E+00 -0.650321E+00  0.626330E+00
  0.934000E+00  0.655270E+00 -0.641182E+00  0.618230E+00
  0.935000E+00  0.645481E+00 -0.632016E+00  0.610076E+00
  0.936000E+00  0.635686E+00 -0.622826E+00  0.601867E+00
  0.937000E+00  0.625884E+00 -0.613611E+00  0.593605E+00
  0.938000E+00  0.616076E+00 -0.604372E+00  0.585290E+00
  0.939000E+00  0.606262E+00 -0.595109E+00  0.576923E+00
  0.940000E+00  0.596442E+00 -0.585823E+00  0.568504E+00
  0.941000E+00  0.586616E+00 -0.576514E+00  0.560036E+00
  0.942000E+00  0.576785E+00 -0.567181E+00  0.551517E+00
  0.943000E+00  0.566947E+00 -0.557827E+00  0.542950E+00
  0.944000E+00  0.557104E+00 -0.548450E+00  0.534334E+00
  0.945000E+00  0.547256E+00 -0.539052E+00  0.525671E+00
  0.946000E+00  0.537402E+00 -0.529632E+00  0.516961E+00
  0.947000E+00  0.527543E+00 -0.520192E+00  0.508205E+00
  0.948000E+00  0.517679E+00 -0.510731E+00  0.499404E+00
  0.949000E+00  0.507809E+00 -0.501249E+00  0.490559E+00
  0.950000E+00  0.497935E+00 -0.491748E+00  0.481670E+00
  0.951000E+00  0.488056E+00 -0.482228E+00  0.472739E+00
  0.952000E+00  0.478171E+00 -0.472689E+00  0.463765E+00
  0.953000E+00  0.468283E+00 -0.463130E+00  0.454750E+00
  0.954000E+00  0.458389E+00 -0.453554E+00  0.445695E+00
  0.955000E+00  0.448491E+00 -0.443960E+00  0.436600E+00
  0.956000E+00  0.438589E+00 -0.434348E+00  0.427467E+00
  0.957000E+00  0.428682E+00 -0.424719E+00  0.418295E+00
  0.958000E+00  0.418771E+00 -0.415073E+00  0.409087E+00
  0.959000E+00  0.408856E+00 -0.405411E+00  0.399842E+00
  0.960000E+00  0.398936E+00 -0.395733E+00  0.390561E+00
  0.961000E+00  0.389013E+00 -0.386039E+00  0.381246E+00
  0.962000E+00  0.379086E+00 -0.376330E+00  0.371897E+00
  0.963000E+00  0.369156E+00 -0.366606E+00  0.362514E+00
  0.964000E+00  0.359221E+00 -0.356868E+00  0.353100E+00
  0.965000E+00  0.349283E+00 -0.347116E+00  0.343654E+00
  0.966000E+00  0.339342E+00 -0.337349E+00  0.334178E+00
  0.967000E+00  0.329397E+00 -0.327570E+00  0.324672E+00
  0.968000E+00  0.319449E+00 -0.317778E+00  0.315137E+00
  0.969000E+00  0.309498E+00 -0.307973E+00  0.305575E+00
  0.970000E+00  0.299544E+00 -0.298156E+00  0.295985E+00
  0.971000E+00  0.289587E+00 -0.288327E+00  0.286369E+00
  0.972000E+00  0.279627E+00 -0.278487E+00  0.276727E+00
  0.973000E+00  0.269664E+00 -0.268635E+00  0.267061E+00
  0.974000E+00  0.259699E+00 -0.258774E+00  0.257371E+00
  0.975000E+00  0.249731E+00 -0.248902E+00  0.247658E+00
  0.976000E+00  0.239761E+00 -0.239020E+00  0.237923E+00
  0.977000E+00  0.229788E+00 -0.229128E+00  0.228167E+00
  0.978000E+00  0.219813E+00 -0.219228E+00  0.218391E+00
  0.979000E+00  0.209836E+00 -0.209319E+00  0.208596E+00
  0.980000E+00  0.199856E+00 -0.199402E+00  0.198782E+00
  0.981000E+00  0.189875E+00 -0.189477E+00  0.188950E+00
  0.982000E+00  0.179892E+00 -0.179544E+00  0.179101E+00
  0.983000E+00  0.169907E+00 -0.169604E+00  0.169237E+00
  0.984000E+00  0.159921E+00 -0.159658E+00  0.159357E+00
  0.985000E+00  0.149932E+00 -0.149705E+00  0.149464E+00
  0.986000E+00  0.139943E+00 -0.139747E+00  0.139557E+00
  0.987000E+00  0.129952E+00 -0.129782E+00  0.129637E+00
  0.988000E+00  0.119959E+00 -0.119813E+00  0.119707E+00
  0.989000E+00  0.109966E+00 -0.109839E+00  0.109765E+00
  0.990000E+00  0.999714E-01 -0.998608E-01  0.998138E-01
  0.991000E+00  0.899758E-01 -0.898786E-01  0.898538E-01
  0.992000E+00  0.799794E-01 -0.798928E-01  0.798857E-01
  0.993000E+00  0.699821E-01 -0.699038E-01  0.699105E-01
  0.994000E+00  0.599842E-01 -0.599121E-01  0.599292E-01
  0.995000E+00  0.499857E-01 -0.499180E-01  0.499425E-01
  0.996000E+00  0.399867E-01 -0.399219E-01  0.399513E-01
  0.997000E+00  0.299873E-01 -0.299243E-01  0.299566E-01
  0.998000E+00  0.199876E-01 -0.199254E-01  0.199593E-01
  0.999000E+00  0.998766E-02 -0.992582E-02  0.996018E-02
  0.100000E+01 -0.123398E-04  0.741812E-04 -0.398256E-04
