 -0.500000E+01  0.000000E+00  0.000000E+00
 -0.499000E+01  0.100422E-03  0.271203E-03
 -0.498000E+01  0.201003E-03  0.542782E-03
 -0.497000E+01  0.301902E-03  0.815111E-03
 -0.496000E+01  0.403274E-03  0.108856E-02
 -0.495000E+01  0.505276E-03  0.136348E-02
 -0.494000E+01  0.608061E-03  0.164025E-02
 -0.493000E+01  0.711782E-03  0.191921E-02
 -0.492000E+01  0.816593E-03  0.220073E-02
 -0.491000E+01  0.922646E-03  0.248515E-02
 -0.490000E+01  0.103009E-02  0.277283E-02
 -0.489000E+01  0.113908E-02  0.306412E-02
 -0.488000E+01  0.124978E-02  0.335936E-02
 -0.487000E+01  0.136232E-02  0.365891E-02
 -0.486000E+01  0.147687E-02  0.396312E-02
 -0.485000E+01  0.159357E-02  0.427232E-02
 -0.484000E+01  0.171260E-02  0.458687E-02
 -0.483000E+01  0.183409E-02  0.490713E-02
 -0.482000E+01  0.195821E-02  0.523343E-02
 -0.481000E+01  0.208511E-02  0.556613E-02
 -0.480000E+01  0.221497E-02  0.590559E-02
 -0.479000E+01  0.234793E-02  0.625216E-02
 -0.478000E+01  0.248417E-02  0.660620E-02
 -0.477000E+01  0.262385E-02  0.696807E-02
 -0.476000E+01  0.276714E-02  0.733812E-02
 -0.475000E+01  0.291421E-02  0.771673E-02
 -0.474000E+01  0.306523E-02  0.810426E-02
 -0.473000E+01  0.322038E-02  0.850109E-02
 -0.472000E+01  0.337983E-02  0.890758E-02
 -0.471000E+01  0.354378E-02  0.932412E-02
 -0.470000E+01  0.371239E-02  0.975109E-02
 -0.469000E+01  0.388587E-02  0.101889E-01
 -0.468000E+01  0.406439E-02  0.106379E-01
 -0.467000E+01  0.424816E-02  0.110984E-01
 -0.466000E+01  0.443738E-02  0.115710E-01
 -0.465000E+01  0.463223E-02  0.120560E-01
 -0.464000E+01  0.483293E-02  0.125538E-01
 -0.463000E+01  0.503969E-02  0.130648E-01
 -0.462000E+01  0.525272E-02  0.135894E-01
 -0.461000E+01  0.547223E-02  0.141281E-01
 -0.460000E+01  0.569844E-02  0.146813E-01
 -0.459000E+01  0.593159E-02  0.152494E-01
 -0.458000E+01  0.617189E-02  0.158329E-01
 -0.457000E+01  0.641959E-02  0.164321E-01
 -0.456000E+01  0.667491E-02  0.170476E-01
 -0.455000E+01  0.693811E-02  0.176798E-01
 -0.454000E+01  0.720943E-02  0.183291E-01
 -0.453000E+01  0.748912E-02  0.189961E-01
 -0.452000E+01  0.777744E-02  0.196812E-01
 -0.451000E+01  0.807465E-02  0.203848E-01
 -0.450000E+01  0.838101E-02  0.211074E-01
 -0.449000E+01  0.869681E-02  0.218496E-01
 -0.448000E+01  0.902231E-02  0.226118E-01
 -0.447000E+01  0.935780E-02  0.233945E-01
 -0.446000E+01  0.970356E-02  0.241982E-01
 -0.445000E+01  0.100599E-01  0.250234E-01
 -0.444000E+01  0.104271E-01  0.258706E-01
 -0.443000E+01  0.108055E-01  0.267404E-01
 -0.442000E+01  0.111953E-01  0.276333E-01
 -0.441000E+01  0.115970E-01  0.285497E-01
 -0.440000E+01  0.120107E-01  0.294903E-01
 -0.439000E+01  0.124370E-01  0.304555E-01
 -0.438000E+01  0.128759E-01  0.314459E-01
 -0.437000E+01  0.133281E-01  0.324620E-01
 -0.436000E+01  0.137936E-01  0.335045E-01
 -0.435000E+01  0.142730E-01  0.345737E-01
 -0.434000E+01  0.147665E-01  0.356704E-01
 -0.433000E+01  0.152746E-01  0.367950E-01
 -0.432000E+01  0.157975E-01  0.379481E-01
 -0.431000E+01  0.163357E-01  0.391303E-01
 -0.430000E+01  0.168896E-01  0.403421E-01
 -0.429000E+01  0.174595E-01  0.415842E-01
 -0.428000E+01  0.180458E-01  0.428570E-01
 -0.427000E+01  0.186489E-01  0.441612E-01
 -0.426000E+01  0.192692E-01  0.454974E-01
 -0.425000E+01  0.199072E-01  0.468660E-01
 -0.424000E+01  0.205632E-01  0.482678E-01
 -0.423000E+01  0.212376E-01  0.497032E-01
 -0.422000E+01  0.219310E-01  0.511729E-01
 -0.421000E+01  0.226437E-01  0.526775E-01
 -0.420000E+01  0.233761E-01  0.542174E-01
 -0.419000E+01  0.241287E-01  0.557934E-01
 -0.418000E+01  0.249020E-01  0.574059E-01
 -0.417000E+01  0.256964E-01  0.590556E-01
 -0.416000E+01  0.265123E-01  0.607430E-01
 -0.415000E+01  0.273502E-01  0.624687E-01
 -0.414000E+01  0.282107E-01  0.642333E-01
 -0.413000E+01  0.290940E-01  0.660373E-01
 -0.412000E+01  0.300009E-01  0.678814E-01
 -0.411000E+01  0.309316E-01  0.697659E-01
 -0.410000E+01  0.318868E-01  0.716916E-01
 -0.409000E+01  0.328669E-01  0.736589E-01
 -0.408000E+01  0.338724E-01  0.756685E-01
 -0.407000E+01  0.349038E-01  0.777207E-01
 -0.406000E+01  0.359615E-01  0.798162E-01
 -0.405000E+01  0.370462E-01  0.819554E-01
 -0.404000E+01  0.381583E-01  0.841390E-01
 -0.403000E+01  0.392984E-01  0.863673E-01
 -0.402000E+01  0.404669E-01  0.886408E-01
 -0.401000E+01  0.416644E-01  0.909601E-01
 -0.400000E+01  0.428914E-01  0.933257E-01
 -0.399000E+01  0.441484E-01  0.957378E-01
 -0.398000E+01  0.454360E-01  0.981971E-01
 -0.397000E+01  0.467546E-01  0.100704E+00
 -0.396000E+01  0.481049E-01  0.103259E+00
 -0.395000E+01  0.494872E-01  0.105862E+00
 -0.394000E+01  0.509023E-01  0.108514E+00
 -0.393000E+01  0.523506E-01  0.111214E+00
 -0.392000E+01  0.538326E-01  0.113965E+00
 -0.391000E+01  0.553489E-01  0.116765E+00
 -0.390000E+01  0.569000E-01  0.119615E+00
 -0.389000E+01  0.584864E-01  0.122515E+00
 -0.388000E+01  0.601087E-01  0.125467E+00
 -0.387000E+01  0.617674E-01  0.128468E+00
 -0.386000E+01  0.634630E-01  0.131522E+00
 -0.385000E+01  0.651960E-01  0.134626E+00
 -0.384000E+01  0.669670E-01  0.137782E+00
 -0.383000E+01  0.687765E-01  0.140989E+00
 -0.382000E+01  0.706249E-01  0.144248E+00
 -0.381000E+01  0.725129E-01  0.147559E+00
 -0.380000E+01  0.744409E-01  0.150922E+00
 -0.379000E+01  0.764093E-01  0.154337E+00
 -0.378000E+01  0.784187E-01  0.157803E+00
 -0.377000E+01  0.804696E-01  0.161322E+00
 -0.376000E+01  0.825625E-01  0.164892E+00
 -0.375000E+01  0.846978E-01  0.168514E+00
 -0.374000E+01  0.868759E-01  0.172188E+00
 -0.373000E+01  0.890974E-01  0.175913E+00
 -0.372000E+01  0.913626E-01  0.179689E+00
 -0.371000E+01  0.936721E-01  0.183517E+00
 -0.370000E+01  0.960262E-01  0.187395E+00
 -0.369000E+01  0.984253E-01  0.191323E+00
 -0.368000E+01  0.100870E+00  0.195302E+00
 -0.367000E+01  0.103360E+00  0.199330E+00
 -0.366000E+01  0.105897E+00  0.203407E+00
 -0.365000E+01  0.108480E+00  0.207534E+00
 -0.364000E+01  0.111110E+00  0.211708E+00
 -0.363000E+01  0.113787E+00  0.215930E+00
 -0.362000E+01  0.116512E+00  0.220199E+00
 -0.361000E+01  0.119284E+00  0.224514E+00
 -0.360000E+01  0.122105E+00  0.228875E+00
 -0.359000E+01  0.124974E+00  0.233280E+00
 -0.358000E+01  0.127892E+00  0.237730E+00
 -0.357000E+01  0.130858E+00  0.242223E+00
 -0.356000E+01  0.133873E+00  0.246758E+00
 -0.355000E+01  0.136938E+00  0.251335E+00
 -0.354000E+01  0.140052E+00  0.255951E+00
 -0.353000E+01  0.143215E+00  0.260607E+00
 -0.352000E+01  0.146428E+00  0.265301E+00
 -0.351000E+01  0.149691E+00  0.270032E+00
 -0.350000E+01  0.153003E+00  0.274799E+00
 -0.349000E+01  0.156365E+00  0.279599E+00
 -0.348000E+01  0.159777E+00  0.284433E+00
 -0.347000E+01  0.163238E+00  0.289299E+00
 -0.346000E+01  0.166749E+00  0.294194E+00
 -0.345000E+01  0.170310E+00  0.299118E+00
 -0.344000E+01  0.173920E+00  0.304069E+00
 -0.343000E+01  0.177579E+00  0.309046E+00
 -0.342000E+01  0.181287E+00  0.314046E+00
 -0.341000E+01  0.185045E+00  0.319067E+00
 -0.340000E+01  0.188850E+00  0.324109E+00
 -0.339000E+01  0.192705E+00  0.329169E+00
 -0.338000E+01  0.196607E+00  0.334246E+00
 -0.337000E+01  0.200557E+00  0.339336E+00
 -0.336000E+01  0.204554E+00  0.344438E+00
 -0.335000E+01  0.208598E+00  0.349551E+00
 -0.334000E+01  0.212688E+00  0.354671E+00
 -0.333000E+01  0.216825E+00  0.359797E+00
 -0.332000E+01  0.221006E+00  0.364926E+00
 -0.331000E+01  0.225232E+00  0.370055E+00
 -0.330000E+01  0.229503E+00  0.375184E+00
 -0.329000E+01  0.233816E+00  0.380307E+00
 -0.328000E+01  0.238172E+00  0.385425E+00
 -0.327000E+01  0.242571E+00  0.390533E+00
 -0.326000E+01  0.247010E+00  0.395629E+00
 -0.325000E+01  0.251489E+00  0.400710E+00
 -0.324000E+01  0.256008E+00  0.405773E+00
 -0.323000E+01  0.260565E+00  0.410817E+00
 -0.322000E+01  0.265159E+00  0.415836E+00
 -0.321000E+01  0.269790E+00  0.420830E+00
 -0.320000E+01  0.274456E+00  0.425794E+00
 -0.319000E+01  0.279156E+00  0.430726E+00
 -0.318000E+01  0.283888E+00  0.435623E+00
 -0.317000E+01  0.288653E+00  0.440481E+00
 -0.316000E+01  0.293447E+00  0.445297E+00
 -0.315000E+01  0.298271E+00  0.450067E+00
 -0.314000E+01  0.303121E+00  0.454789E+00
 -0.313000E+01  0.307998E+00  0.459460E+00
 -0.312000E+01  0.312900E+00  0.464075E+00
 -0.311000E+01  0.317824E+00  0.468631E+00
 -0.310000E+01  0.322770E+00  0.473125E+00
 -0.309000E+01  0.327736E+00  0.477553E+00
 -0.308000E+01  0.332719E+00  0.481912E+00
 -0.307000E+01  0.337719E+00  0.486198E+00
 -0.306000E+01  0.342733E+00  0.490407E+00
 -0.305000E+01  0.347760E+00  0.494537E+00
 -0.304000E+01  0.352797E+00  0.498582E+00
 -0.303000E+01  0.357842E+00  0.502539E+00
 -0.302000E+01  0.362894E+00  0.506405E+00
 -0.301000E+01  0.367950E+00  0.510176E+00
 -0.300000E+01  0.373009E+00  0.513848E+00
 -0.299000E+01  0.378068E+00  0.517417E+00
 -0.298000E+01  0.383124E+00  0.520879E+00
 -0.297000E+01  0.388176E+00  0.524231E+00
 -0.296000E+01  0.393220E+00  0.527469E+00
 -0.295000E+01  0.398256E+00  0.530589E+00
 -0.294000E+01  0.403279E+00  0.533587E+00
 -0.293000E+01  0.408288E+00  0.536459E+00
 -0.292000E+01  0.413280E+00  0.539201E+00
 -0.291000E+01  0.418253E+00  0.541811E+00
 -0.290000E+01  0.423203E+00  0.544282E+00
 -0.289000E+01  0.428129E+00  0.546613E+00
 -0.288000E+01  0.433026E+00  0.548800E+00
 -0.287000E+01  0.437893E+00  0.550837E+00
 -0.286000E+01  0.442727E+00  0.552723E+00
 -0.285000E+01  0.447524E+00  0.554452E+00
 -0.284000E+01  0.452282E+00  0.556023E+00
 -0.283000E+01  0.456998E+00  0.557429E+00
 -0.282000E+01  0.461669E+00  0.558670E+00
 -0.281000E+01  0.466291E+00  0.559739E+00
 -0.280000E+01  0.470861E+00  0.560636E+00
 -0.279000E+01  0.475377E+00  0.561355E+00
 -0.278000E+01  0.479836E+00  0.561893E+00
 -0.277000E+01  0.484233E+00  0.562248E+00
 -0.276000E+01  0.488566E+00  0.562415E+00
 -0.275000E+01  0.492831E+00  0.562392E+00
 -0.274000E+01  0.497026E+00  0.562176E+00
 -0.273000E+01  0.501146E+00  0.561764E+00
 -0.272000E+01  0.505189E+00  0.561152E+00
 -0.271000E+01  0.509151E+00  0.560339E+00
 -0.270000E+01  0.513028E+00  0.559320E+00
 -0.269000E+01  0.516818E+00  0.558094E+00
 -0.268000E+01  0.520517E+00  0.556658E+00
 -0.267000E+01  0.524121E+00  0.555009E+00
 -0.266000E+01  0.527627E+00  0.553146E+00
 -0.265000E+01  0.531031E+00  0.551065E+00
 -0.264000E+01  0.534331E+00  0.548765E+00
 -0.263000E+01  0.537522E+00  0.546244E+00
 -0.262000E+01  0.540601E+00  0.543500E+00
 -0.261000E+01  0.543564E+00  0.540531E+00
 -0.260000E+01  0.546409E+00  0.537336E+00
 -0.259000E+01  0.549131E+00  0.533913E+00
 -0.258000E+01  0.551728E+00  0.530261E+00
 -0.257000E+01  0.554195E+00  0.526379E+00
 -0.256000E+01  0.556529E+00  0.522265E+00
 -0.255000E+01  0.558727E+00  0.517919E+00
 -0.254000E+01  0.560786E+00  0.513340E+00
 -0.253000E+01  0.562702E+00  0.508527E+00
 -0.252000E+01  0.564471E+00  0.503481E+00
 -0.251000E+01  0.566091E+00  0.498201E+00
 -0.250000E+01  0.567558E+00  0.492686E+00
 -0.249000E+01  0.568869E+00  0.486938E+00
 -0.248000E+01  0.570021E+00  0.480955E+00
 -0.247000E+01  0.571010E+00  0.474740E+00
 -0.246000E+01  0.571834E+00  0.468292E+00
 -0.245000E+01  0.572489E+00  0.461612E+00
 -0.244000E+01  0.572972E+00  0.454701E+00
 -0.243000E+01  0.573281E+00  0.447561E+00
 -0.242000E+01  0.573413E+00  0.440193E+00
 -0.241000E+01  0.573364E+00  0.432599E+00
 -0.240000E+01  0.573133E+00  0.424780E+00
 -0.239000E+01  0.572715E+00  0.416738E+00
 -0.238000E+01  0.572110E+00  0.408477E+00
 -0.237000E+01  0.571313E+00  0.399997E+00
 -0.236000E+01  0.570323E+00  0.391302E+00
 -0.235000E+01  0.569138E+00  0.382394E+00
 -0.234000E+01  0.567755E+00  0.373277E+00
 -0.233000E+01  0.566171E+00  0.363953E+00
 -0.232000E+01  0.564386E+00  0.354427E+00
 -0.231000E+01  0.562396E+00  0.344702E+00
 -0.230000E+01  0.560200E+00  0.334782E+00
 -0.229000E+01  0.557796E+00  0.324670E+00
 -0.228000E+01  0.555183E+00  0.314372E+00
 -0.227000E+01  0.552359E+00  0.303891E+00
 -0.226000E+01  0.549322E+00  0.293233E+00
 -0.225000E+01  0.546072E+00  0.282402E+00
 -0.224000E+01  0.542607E+00  0.271403E+00
 -0.223000E+01  0.538925E+00  0.260241E+00
 -0.222000E+01  0.535026E+00  0.248923E+00
 -0.221000E+01  0.530910E+00  0.237454E+00
 -0.220000E+01  0.526575E+00  0.225840E+00
 -0.219000E+01  0.522021E+00  0.214086E+00
 -0.218000E+01  0.517248E+00  0.202200E+00
 -0.217000E+01  0.512255E+00  0.190187E+00
 -0.216000E+01  0.507042E+00  0.178055E+00
 -0.215000E+01  0.501609E+00  0.165810E+00
 -0.214000E+01  0.495957E+00  0.153459E+00
 -0.213000E+01  0.490085E+00  0.141010E+00
 -0.212000E+01  0.483995E+00  0.128469E+00
 -0.211000E+01  0.477687E+00  0.115845E+00
 -0.210000E+01  0.471161E+00  0.103146E+00
 -0.209000E+01  0.464420E+00  0.903778E-01
 -0.208000E+01  0.457463E+00  0.775501E-01
 -0.207000E+01  0.450292E+00  0.646706E-01
 -0.206000E+01  0.442909E+00  0.517477E-01
 -0.205000E+01  0.435316E+00  0.387899E-01
 -0.204000E+01  0.427513E+00  0.258057E-01
 -0.203000E+01  0.419504E+00  0.128039E-01
 -0.202000E+01  0.411290E+00 -0.206749E-03
 -0.201000E+01  0.402874E+00 -0.132172E-01
 -0.200000E+01  0.394258E+00 -0.262185E-01
 -0.199000E+01  0.385445E+00 -0.392014E-01
 -0.198000E+01  0.376437E+00 -0.521567E-01
 -0.197000E+01  0.367239E+00 -0.650751E-01
 -0.196000E+01  0.357852E+00 -0.779471E-01
 -0.195000E+01  0.348281E+00 -0.907634E-01
 -0.194000E+01  0.338529E+00 -0.103514E+00
 -0.193000E+01  0.328600E+00 -0.116190E+00
 -0.192000E+01  0.318497E+00 -0.128782E+00
 -0.191000E+01  0.308225E+00 -0.141279E+00
 -0.190000E+01  0.297788E+00 -0.153672E+00
 -0.189000E+01  0.287191E+00 -0.165952E+00
 -0.188000E+01  0.276437E+00 -0.178109E+00
 -0.187000E+01  0.265533E+00 -0.190132E+00
 -0.186000E+01  0.254483E+00 -0.202013E+00
 -0.185000E+01  0.243291E+00 -0.213742E+00
 -0.184000E+01  0.231964E+00 -0.225308E+00
 -0.183000E+01  0.220507E+00 -0.236704E+00
 -0.182000E+01  0.208925E+00 -0.247917E+00
 -0.181000E+01  0.197224E+00 -0.258941E+00
 -0.180000E+01  0.185410E+00 -0.269764E+00
 -0.179000E+01  0.173490E+00 -0.280378E+00
 -0.178000E+01  0.161469E+00 -0.290774E+00
 -0.177000E+01  0.149354E+00 -0.300942E+00
 -0.176000E+01  0.137151E+00 -0.310873E+00
 -0.175000E+01  0.124867E+00 -0.320558E+00
 -0.174000E+01  0.112510E+00 -0.329989E+00
 -0.173000E+01  0.100085E+00 -0.339157E+00
 -0.172000E+01  0.875996E-01 -0.348053E+00
 -0.171000E+01  0.750616E-01 -0.356669E+00
 -0.170000E+01  0.624780E-01 -0.364998E+00
 -0.169000E+01  0.498562E-01 -0.373030E+00
 -0.168000E+01  0.372039E-01 -0.380758E+00
 -0.167000E+01  0.245285E-01 -0.388176E+00
 -0.166000E+01  0.118379E-01 -0.395274E+00
 -0.165000E+01 -0.860070E-03 -0.402047E+00
 -0.164000E+01 -0.135575E-01 -0.408487E+00
 -0.163000E+01 -0.262464E-01 -0.414587E+00
 -0.162000E+01 -0.389186E-01 -0.420341E+00
 -0.161000E+01 -0.515660E-01 -0.425744E+00
 -0.160000E+01 -0.641803E-01 -0.430788E+00
 -0.159000E+01 -0.767533E-01 -0.435469E+00
 -0.158000E+01 -0.892767E-01 -0.439781E+00
 -0.157000E+01 -0.101742E+00 -0.443719E+00
 -0.156000E+01 -0.114141E+00 -0.447279E+00
 -0.155000E+01 -0.126465E+00 -0.450455E+00
 -0.154000E+01 -0.138705E+00 -0.453244E+00
 -0.153000E+01 -0.150853E+00 -0.455642E+00
 -0.152000E+01 -0.162901E+00 -0.457645E+00
 -0.151000E+01 -0.174840E+00 -0.459251E+00
 -0.150000E+01 -0.186662E+00 -0.460456E+00
 -0.149000E+01 -0.198357E+00 -0.461259E+00
 -0.148000E+01 -0.209918E+00 -0.461656E+00
 -0.147000E+01 -0.221337E+00 -0.461647E+00
 -0.146000E+01 -0.232603E+00 -0.461230E+00
 -0.145000E+01 -0.243710E+00 -0.460403E+00
 -0.144000E+01 -0.254649E+00 -0.459167E+00
 -0.143000E+01 -0.265412E+00 -0.457522E+00
 -0.142000E+01 -0.275990E+00 -0.455466E+00
 -0.141000E+01 -0.286375E+00 -0.453002E+00
 -0.140000E+01 -0.296559E+00 -0.450129E+00
 -0.139000E+01 -0.306535E+00 -0.446849E+00
 -0.138000E+01 -0.316294E+00 -0.443164E+00
 -0.137000E+01 -0.325828E+00 -0.439076E+00
 -0.136000E+01 -0.335131E+00 -0.434588E+00
 -0.135000E+01 -0.344193E+00 -0.429702E+00
 -0.134000E+01 -0.353009E+00 -0.424421E+00
 -0.133000E+01 -0.361571E+00 -0.418750E+00
 -0.132000E+01 -0.369871E+00 -0.412692E+00
 -0.131000E+01 -0.377902E+00 -0.406253E+00
 -0.130000E+01 -0.385659E+00 -0.399436E+00
 -0.129000E+01 -0.393133E+00 -0.392247E+00
 -0.128000E+01 -0.400319E+00 -0.384693E+00
 -0.127000E+01 -0.407211E+00 -0.376778E+00
 -0.126000E+01 -0.413801E+00 -0.368509E+00
 -0.125000E+01 -0.420085E+00 -0.359894E+00
 -0.124000E+01 -0.426057E+00 -0.350939E+00
 -0.123000E+01 -0.431710E+00 -0.341652E+00
 -0.122000E+01 -0.437041E+00 -0.332040E+00
 -0.121000E+01 -0.442043E+00 -0.322113E+00
 -0.120000E+01 -0.446712E+00 -0.311879E+00
 -0.119000E+01 -0.451043E+00 -0.301347E+00
 -0.118000E+01 -0.455032E+00 -0.290526E+00
 -0.117000E+01 -0.458675E+00 -0.279426E+00
 -0.116000E+01 -0.461968E+00 -0.268057E+00
 -0.115000E+01 -0.464908E+00 -0.256428E+00
 -0.114000E+01 -0.467490E+00 -0.244552E+00
 -0.113000E+01 -0.469713E+00 -0.232439E+00
 -0.112000E+01 -0.471573E+00 -0.220100E+00
 -0.111000E+01 -0.473068E+00 -0.207546E+00
 -0.110000E+01 -0.474195E+00 -0.194789E+00
 -0.109000E+01 -0.474953E+00 -0.181842E+00
 -0.108000E+01 -0.475339E+00 -0.168716E+00
 -0.107000E+01 -0.475354E+00 -0.155425E+00
 -0.106000E+01 -0.474995E+00 -0.141980E+00
 -0.105000E+01 -0.474262E+00 -0.128395E+00
 -0.104000E+01 -0.473154E+00 -0.114683E+00
 -0.103000E+01 -0.471672E+00 -0.100858E+00
 -0.102000E+01 -0.469816E+00 -0.869316E-01
 -0.101000E+01 -0.467585E+00 -0.729191E-01
 -0.100000E+01 -0.464982E+00 -0.588339E-01
 -0.990000E+00 -0.462006E+00 -0.446898E-01
 -0.980000E+00 -0.458660E+00 -0.305009E-01
 -0.970000E+00 -0.454945E+00 -0.162814E-01
 -0.960000E+00 -0.450864E+00 -0.204558E-02
 -0.950000E+00 -0.446418E+00  0.121923E-01
 -0.940000E+00 -0.441611E+00  0.264179E-01
 -0.930000E+00 -0.436445E+00  0.406168E-01
 -0.920000E+00 -0.430925E+00  0.547745E-01
 -0.910000E+00 -0.425053E+00  0.688766E-01
 -0.900000E+00 -0.418834E+00  0.829086E-01
 -0.890000E+00 -0.412272E+00  0.968561E-01
 -0.880000E+00 -0.405371E+00  0.110705E+00
 -0.870000E+00 -0.398137E+00  0.124440E+00
 -0.860000E+00 -0.390575E+00  0.138048E+00
 -0.850000E+00 -0.382690E+00  0.151515E+00
 -0.840000E+00 -0.374489E+00  0.164825E+00
 -0.830000E+00 -0.365977E+00  0.177966E+00
 -0.820000E+00 -0.357160E+00  0.190924E+00
 -0.810000E+00 -0.348047E+00  0.203684E+00
 -0.800000E+00 -0.338643E+00  0.216234E+00
 -0.790000E+00 -0.328956E+00  0.228559E+00
 -0.780000E+00 -0.318993E+00  0.240648E+00
 -0.770000E+00 -0.308763E+00  0.252486E+00
 -0.760000E+00 -0.298273E+00  0.264062E+00
 -0.750000E+00 -0.287532E+00  0.275363E+00
 -0.740000E+00 -0.276548E+00  0.286376E+00
 -0.730000E+00 -0.265331E+00  0.297089E+00
 -0.720000E+00 -0.253889E+00  0.307492E+00
 -0.710000E+00 -0.242232E+00  0.317573E+00
 -0.700000E+00 -0.230369E+00  0.327320E+00
 -0.690000E+00 -0.218310E+00  0.336723E+00
 -0.680000E+00 -0.206064E+00  0.345772E+00
 -0.670000E+00 -0.193643E+00  0.354457E+00
 -0.660000E+00 -0.181057E+00  0.362768E+00
 -0.650000E+00 -0.168315E+00  0.370695E+00
 -0.640000E+00 -0.155429E+00  0.378230E+00
 -0.630000E+00 -0.142409E+00  0.385365E+00
 -0.620000E+00 -0.129267E+00  0.392091E+00
 -0.610000E+00 -0.116014E+00  0.398401E+00
 -0.600000E+00 -0.102660E+00  0.404288E+00
 -0.590000E+00 -0.892180E-01  0.409745E+00
 -0.580000E+00 -0.756986E-01  0.414765E+00
 -0.570000E+00 -0.621136E-01  0.419342E+00
 -0.560000E+00 -0.484747E-01  0.423473E+00
 -0.550000E+00 -0.347938E-01  0.427150E+00
 -0.540000E+00 -0.210826E-01  0.430371E+00
 -0.530000E+00 -0.735299E-02  0.433131E+00
 -0.520000E+00  0.638299E-02  0.435427E+00
 -0.510000E+00  0.201134E-01  0.437255E+00
 -0.500000E+00  0.338262E-01  0.438614E+00
 -0.490000E+00  0.475094E-01  0.439502E+00
 -0.480000E+00  0.611511E-01  0.439916E+00
 -0.470000E+00  0.747390E-01  0.439857E+00
 -0.460000E+00  0.882614E-01  0.439324E+00
 -0.450000E+00  0.101706E+00  0.438317E+00
 -0.440000E+00  0.115062E+00  0.436837E+00
 -0.430000E+00  0.128316E+00  0.434884E+00
 -0.420000E+00  0.141456E+00  0.432462E+00
 -0.410000E+00  0.154473E+00  0.429571E+00
 -0.400000E+00  0.167352E+00  0.426215E+00
 -0.390000E+00  0.180084E+00  0.422397E+00
 -0.380000E+00  0.192656E+00  0.418121E+00
 -0.370000E+00  0.205058E+00  0.413391E+00
 -0.360000E+00  0.217278E+00  0.408212E+00
 -0.350000E+00  0.229306E+00  0.402589E+00
 -0.340000E+00  0.241130E+00  0.396528E+00
 -0.330000E+00  0.252739E+00  0.390036E+00
 -0.320000E+00  0.264124E+00  0.383119E+00
 -0.310000E+00  0.275274E+00  0.375784E+00
 -0.300000E+00  0.286179E+00  0.368040E+00
 -0.290000E+00  0.296829E+00  0.359895E+00
 -0.280000E+00  0.307214E+00  0.351356E+00
 -0.270000E+00  0.317325E+00  0.342434E+00
 -0.260000E+00  0.327153E+00  0.333138E+00
 -0.250000E+00  0.336689E+00  0.323477E+00
 -0.240000E+00  0.345923E+00  0.313463E+00
 -0.230000E+00  0.354849E+00  0.303105E+00
 -0.220000E+00  0.363457E+00  0.292416E+00
 -0.210000E+00  0.371740E+00  0.281407E+00
 -0.200000E+00  0.379690E+00  0.270090E+00
 -0.190000E+00  0.387299E+00  0.258476E+00
 -0.180000E+00  0.394562E+00  0.246579E+00
 -0.170000E+00  0.401470E+00  0.234412E+00
 -0.160000E+00  0.408019E+00  0.221987E+00
 -0.150000E+00  0.414201E+00  0.209319E+00
 -0.140000E+00  0.420012E+00  0.196421E+00
 -0.130000E+00  0.425445E+00  0.183308E+00
 -0.120000E+00  0.430496E+00  0.169993E+00
 -0.110000E+00  0.435161E+00  0.156491E+00
 -0.100000E+00  0.439434E+00  0.142818E+00
 -0.900000E-01  0.443313E+00  0.128987E+00
 -0.800000E-01  0.446792E+00  0.115015E+00
 -0.700000E-01  0.449870E+00  0.100916E+00
 -0.600000E-01  0.452544E+00  0.867067E-01
 -0.500000E-01  0.454810E+00  0.724018E-01
 -0.400000E-01  0.456667E+00  0.580172E-01
 -0.300000E-01  0.458113E+00  0.435688E-01
 -0.200000E-01  0.459147E+00  0.290726E-01
 -0.100000E-01  0.459768E+00  0.145443E-01
  0.000000E+00  0.459975E+00  0.171232E-07
  0.100000E-01  0.459768E+00 -0.145442E-01
  0.200000E-01  0.459147E+00 -0.290725E-01
  0.300000E-01  0.458113E+00 -0.435688E-01
  0.400000E-01  0.456667E+00 -0.580172E-01
  0.500000E-01  0.454810E+00 -0.724018E-01
  0.600000E-01  0.452544E+00 -0.867067E-01
  0.700000E-01  0.449870E+00 -0.100916E+00
  0.800000E-01  0.446792E+00 -0.115015E+00
  0.900000E-01  0.443313E+00 -0.128987E+00
  0.100000E+00  0.439434E+00 -0.142818E+00
  0.110000E+00  0.435161E+00 -0.156491E+00
  0.120000E+00  0.430496E+00 -0.169993E+00
  0.130000E+00  0.425445E+00 -0.183308E+00
  0.140000E+00  0.420012E+00 -0.196421E+00
  0.150000E+00  0.414201E+00 -0.209319E+00
  0.160000E+00  0.408019E+00 -0.221987E+00
  0.170000E+00  0.401470E+00 -0.234412E+00
  0.180000E+00  0.394562E+00 -0.246579E+00
  0.190000E+00  0.387299E+00 -0.258476E+00
  0.200000E+00  0.379690E+00 -0.270089E+00
  0.210000E+00  0.371740E+00 -0.281407E+00
  0.220000E+00  0.363457E+00 -0.292416E+00
  0.230000E+00  0.354849E+00 -0.303105E+00
  0.240000E+00  0.345923E+00 -0.313463E+00
  0.250000E+00  0.336689E+00 -0.323477E+00
  0.260000E+00  0.327153E+00 -0.333138E+00
  0.270000E+00  0.317325E+00 -0.342434E+00
  0.280000E+00  0.307214E+00 -0.351356E+00
  0.290000E+00  0.296829E+00 -0.359895E+00
  0.300000E+00  0.286179E+00 -0.368040E+00
  0.310000E+00  0.275274E+00 -0.375784E+00
  0.320000E+00  0.264124E+00 -0.383119E+00
  0.330000E+00  0.252739E+00 -0.390036E+00
  0.340000E+00  0.241130E+00 -0.396528E+00
  0.350000E+00  0.229306E+00 -0.402589E+00
  0.360000E+00  0.217278E+00 -0.408212E+00
  0.370000E+00  0.205058E+00 -0.413391E+00
  0.380000E+00  0.192656E+00 -0.418121E+00
  0.390000E+00  0.180084E+00 -0.422397E+00
  0.400000E+00  0.167352E+00 -0.426215E+00
  0.410000E+00  0.154473E+00 -0.429571E+00
  0.420000E+00  0.141456E+00 -0.432462E+00
  0.430000E+00  0.128316E+00 -0.434884E+00
  0.440000E+00  0.115062E+00 -0.436837E+00
  0.450000E+00  0.101706E+00 -0.438317E+00
  0.460000E+00  0.882614E-01 -0.439324E+00
  0.470000E+00  0.747390E-01 -0.439857E+00
  0.480000E+00  0.611510E-01 -0.439916E+00
  0.490000E+00  0.475094E-01 -0.439502E+00
  0.500000E+00  0.338262E-01 -0.438614E+00
  0.510000E+00  0.201134E-01 -0.437255E+00
  0.520000E+00  0.638298E-02 -0.435427E+00
  0.530000E+00 -0.735300E-02 -0.433131E+00
  0.540000E+00 -0.210826E-01 -0.430371E+00
  0.550000E+00 -0.347938E-01 -0.427150E+00
  0.560000E+00 -0.484747E-01 -0.423473E+00
  0.570000E+00 -0.621136E-01 -0.419342E+00
  0.580000E+00 -0.756986E-01 -0.414765E+00
  0.590000E+00 -0.892180E-01 -0.409745E+00
  0.600000E+00 -0.102660E+00 -0.404288E+00
  0.610000E+00 -0.116014E+00 -0.398401E+00
  0.620000E+00 -0.129267E+00 -0.392091E+00
  0.630000E+00 -0.142409E+00 -0.385365E+00
  0.640000E+00 -0.155429E+00 -0.378230E+00
  0.650000E+00 -0.168315E+00 -0.370695E+00
  0.660000E+00 -0.181057E+00 -0.362768E+00
  0.670000E+00 -0.193643E+00 -0.354457E+00
  0.680000E+00 -0.206064E+00 -0.345772E+00
  0.690000E+00 -0.218310E+00 -0.336723E+00
  0.700000E+00 -0.230369E+00 -0.327320E+00
  0.710000E+00 -0.242232E+00 -0.317573E+00
  0.720000E+00 -0.253889E+00 -0.307492E+00
  0.730000E+00 -0.265331E+00 -0.297090E+00
  0.740000E+00 -0.276548E+00 -0.286376E+00
  0.750000E+00 -0.287532E+00 -0.275363E+00
  0.760000E+00 -0.298273E+00 -0.264062E+00
  0.770000E+00 -0.308763E+00 -0.252486E+00
  0.780000E+00 -0.318993E+00 -0.240648E+00
  0.790000E+00 -0.328956E+00 -0.228559E+00
  0.800000E+00 -0.338643E+00 -0.216234E+00
  0.810000E+00 -0.348047E+00 -0.203684E+00
  0.820000E+00 -0.357160E+00 -0.190924E+00
  0.830000E+00 -0.365977E+00 -0.177966E+00
  0.840000E+00 -0.374489E+00 -0.164825E+00
  0.850000E+00 -0.382690E+00 -0.151515E+00
  0.860000E+00 -0.390575E+00 -0.138048E+00
  0.870000E+00 -0.398137E+00 -0.124440E+00
  0.880000E+00 -0.405371E+00 -0.110705E+00
  0.890000E+00 -0.412272E+00 -0.968561E-01
  0.900000E+00 -0.418834E+00 -0.829086E-01
  0.910000E+00 -0.425053E+00 -0.688766E-01
  0.920000E+00 -0.430925E+00 -0.547745E-01
  0.930000E+00 -0.436445E+00 -0.406168E-01
  0.940000E+00 -0.441611E+00 -0.264179E-01
  0.950000E+00 -0.446418E+00 -0.121924E-01
  0.960000E+00 -0.450864E+00  0.204555E-02
  0.970000E+00 -0.454945E+00  0.162814E-01
  0.980000E+00 -0.458660E+00  0.305009E-01
  0.990000E+00 -0.462006E+00  0.446897E-01
  0.100000E+01 -0.464982E+00  0.588338E-01
  0.101000E+01 -0.467585E+00  0.729191E-01
  0.102000E+01 -0.469816E+00  0.869316E-01
  0.103000E+01 -0.471672E+00  0.100858E+00
  0.104000E+01 -0.473154E+00  0.114683E+00
  0.105000E+01 -0.474262E+00  0.128395E+00
  0.106000E+01 -0.474995E+00  0.141980E+00
  0.107000E+01 -0.475354E+00  0.155425E+00
  0.108000E+01 -0.475339E+00  0.168716E+00
  0.109000E+01 -0.474953E+00  0.181842E+00
  0.110000E+01 -0.474195E+00  0.194789E+00
  0.111000E+01 -0.473068E+00  0.207546E+00
  0.112000E+01 -0.471573E+00  0.220100E+00
  0.113000E+01 -0.469713E+00  0.232439E+00
  0.114000E+01 -0.467490E+00  0.244552E+00
  0.115000E+01 -0.464908E+00  0.256428E+00
  0.116000E+01 -0.461968E+00  0.268056E+00
  0.117000E+01 -0.458675E+00  0.279426E+00
  0.118000E+01 -0.455032E+00  0.290526E+00
  0.119000E+01 -0.451043E+00  0.301347E+00
  0.120000E+01 -0.446712E+00  0.311879E+00
  0.121000E+01 -0.442043E+00  0.322113E+00
  0.122000E+01 -0.437041E+00  0.332040E+00
  0.123000E+01 -0.431710E+00  0.341652E+00
  0.124000E+01 -0.426057E+00  0.350939E+00
  0.125000E+01 -0.420085E+00  0.359894E+00
  0.126000E+01 -0.413801E+00  0.368509E+00
  0.127000E+01 -0.407211E+00  0.376778E+00
  0.128000E+01 -0.400319E+00  0.384693E+00
  0.129000E+01 -0.393133E+00  0.392247E+00
  0.130000E+01 -0.385659E+00  0.399436E+00
  0.131000E+01 -0.377902E+00  0.406253E+00
  0.132000E+01 -0.369871E+00  0.412692E+00
  0.133000E+01 -0.361571E+00  0.418750E+00
  0.134000E+01 -0.353009E+00  0.424421E+00
  0.135000E+01 -0.344193E+00  0.429702E+00
  0.136000E+01 -0.335131E+00  0.434588E+00
  0.137000E+01 -0.325828E+00  0.439076E+00
  0.138000E+01 -0.316294E+00  0.443164E+00
  0.139000E+01 -0.306535E+00  0.446849E+00
  0.140000E+01 -0.296559E+00  0.450129E+00
  0.141000E+01 -0.286375E+00  0.453002E+00
  0.142000E+01 -0.275990E+00  0.455466E+00
  0.143000E+01 -0.265412E+00  0.457522E+00
  0.144000E+01 -0.254649E+00  0.459167E+00
  0.145000E+01 -0.243710E+00  0.460403E+00
  0.146000E+01 -0.232603E+00  0.461230E+00
  0.147000E+01 -0.221337E+00  0.461647E+00
  0.148000E+01 -0.209918E+00  0.461656E+00
  0.149000E+01 -0.198357E+00  0.461259E+00
  0.150000E+01 -0.186662E+00  0.460456E+00
  0.151000E+01 -0.174840E+00  0.459251E+00
  0.152000E+01 -0.162901E+00  0.457645E+00
  0.153000E+01 -0.150853E+00  0.455642E+00
  0.154000E+01 -0.138705E+00  0.453244E+00
  0.155000E+01 -0.126465E+00  0.450455E+00
  0.156000E+01 -0.114141E+00  0.447279E+00
  0.157000E+01 -0.101742E+00  0.443719E+00
  0.158000E+01 -0.892766E-01  0.439781E+00
  0.159000E+01 -0.767533E-01  0.435469E+00
  0.160000E+01 -0.641803E-01  0.430788E+00
  0.161000E+01 -0.515660E-01  0.425744E+00
  0.162000E+01 -0.389186E-01  0.420341E+00
  0.163000E+01 -0.262464E-01  0.414587E+00
  0.164000E+01 -0.135575E-01  0.408487E+00
  0.165000E+01 -0.860062E-03  0.402047E+00
  0.166000E+01  0.118379E-01  0.395274E+00
  0.167000E+01  0.245285E-01  0.388176E+00
  0.168000E+01  0.372039E-01  0.380759E+00
  0.169000E+01  0.498563E-01  0.373030E+00
  0.170000E+01  0.624780E-01  0.364998E+00
  0.171000E+01  0.750616E-01  0.356669E+00
  0.172000E+01  0.875996E-01  0.348053E+00
  0.173000E+01  0.100085E+00  0.339157E+00
  0.174000E+01  0.112510E+00  0.329989E+00
  0.175000E+01  0.124867E+00  0.320558E+00
  0.176000E+01  0.137151E+00  0.310873E+00
  0.177000E+01  0.149354E+00  0.300942E+00
  0.178000E+01  0.161469E+00  0.290774E+00
  0.179000E+01  0.173490E+00  0.280378E+00
  0.180000E+01  0.185410E+00  0.269764E+00
  0.181000E+01  0.197224E+00  0.258941E+00
  0.182000E+01  0.208925E+00  0.247918E+00
  0.183000E+01  0.220507E+00  0.236704E+00
  0.184000E+01  0.231964E+00  0.225308E+00
  0.185000E+01  0.243291E+00  0.213742E+00
  0.186000E+01  0.254483E+00  0.202013E+00
  0.187000E+01  0.265533E+00  0.190132E+00
  0.188000E+01  0.276437E+00  0.178109E+00
  0.189000E+01  0.287191E+00  0.165952E+00
  0.190000E+01  0.297788E+00  0.153672E+00
  0.191000E+01  0.308225E+00  0.141279E+00
  0.192000E+01  0.318497E+00  0.128782E+00
  0.193000E+01  0.328600E+00  0.116190E+00
  0.194000E+01  0.338529E+00  0.103514E+00
  0.195000E+01  0.348281E+00  0.907634E-01
  0.196000E+01  0.357852E+00  0.779472E-01
  0.197000E+01  0.367239E+00  0.650751E-01
  0.198000E+01  0.376437E+00  0.521567E-01
  0.199000E+01  0.385445E+00  0.392014E-01
  0.200000E+01  0.394258E+00  0.262185E-01
  0.201000E+01  0.402874E+00  0.132173E-01
  0.202000E+01  0.411290E+00  0.206787E-03
  0.203000E+01  0.419504E+00 -0.128038E-01
  0.204000E+01  0.427513E+00 -0.258057E-01
  0.205000E+01  0.435316E+00 -0.387899E-01
  0.206000E+01  0.442909E+00 -0.517477E-01
  0.207000E+01  0.450292E+00 -0.646706E-01
  0.208000E+01  0.457463E+00 -0.775500E-01
  0.209000E+01  0.464420E+00 -0.903778E-01
  0.210000E+01  0.471161E+00 -0.103146E+00
  0.211000E+01  0.477687E+00 -0.115845E+00
  0.212000E+01  0.483995E+00 -0.128469E+00
  0.213000E+01  0.490085E+00 -0.141010E+00
  0.214000E+01  0.495957E+00 -0.153459E+00
  0.215000E+01  0.501609E+00 -0.165810E+00
  0.216000E+01  0.507042E+00 -0.178055E+00
  0.217000E+01  0.512255E+00 -0.190187E+00
  0.218000E+01  0.517248E+00 -0.202200E+00
  0.219000E+01  0.522021E+00 -0.214086E+00
  0.220000E+01  0.526575E+00 -0.225840E+00
  0.221000E+01  0.530910E+00 -0.237454E+00
  0.222000E+01  0.535026E+00 -0.248923E+00
  0.223000E+01  0.538925E+00 -0.260241E+00
  0.224000E+01  0.542607E+00 -0.271403E+00
  0.225000E+01  0.546072E+00 -0.282401E+00
  0.226000E+01  0.549322E+00 -0.293233E+00
  0.227000E+01  0.552359E+00 -0.303891E+00
  0.228000E+01  0.555183E+00 -0.314372E+00
  0.229000E+01  0.557796E+00 -0.324670E+00
  0.230000E+01  0.560200E+00 -0.334782E+00
  0.231000E+01  0.562396E+00 -0.344702E+00
  0.232000E+01  0.564386E+00 -0.354427E+00
  0.233000E+01  0.566171E+00 -0.363953E+00
  0.234000E+01  0.567755E+00 -0.373277E+00
  0.235000E+01  0.569138E+00 -0.382394E+00
  0.236000E+01  0.570323E+00 -0.391301E+00
  0.237000E+01  0.571313E+00 -0.399997E+00
  0.238000E+01  0.572110E+00 -0.408477E+00
  0.239000E+01  0.572715E+00 -0.416738E+00
  0.240000E+01  0.573133E+00 -0.424780E+00
  0.241000E+01  0.573364E+00 -0.432599E+00
  0.242000E+01  0.573413E+00 -0.440193E+00
  0.243000E+01  0.573281E+00 -0.447561E+00
  0.244000E+01  0.572972E+00 -0.454701E+00
  0.245000E+01  0.572489E+00 -0.461612E+00
  0.246000E+01  0.571834E+00 -0.468292E+00
  0.247000E+01  0.571010E+00 -0.474740E+00
  0.248000E+01  0.570021E+00 -0.480955E+00
  0.249000E+01  0.568869E+00 -0.486938E+00
  0.250000E+01  0.567558E+00 -0.492686E+00
  0.251000E+01  0.566091E+00 -0.498201E+00
  0.252000E+01  0.564471E+00 -0.503481E+00
  0.253000E+01  0.562702E+00 -0.508527E+00
  0.254000E+01  0.560786E+00 -0.513340E+00
  0.255000E+01  0.558727E+00 -0.517919E+00
  0.256000E+01  0.556529E+00 -0.522265E+00
  0.257000E+01  0.554195E+00 -0.526379E+00
  0.258000E+01  0.551728E+00 -0.530261E+00
  0.259000E+01  0.549131E+00 -0.533913E+00
  0.260000E+01  0.546409E+00 -0.537336E+00
  0.261000E+01  0.543564E+00 -0.540531E+00
  0.262000E+01  0.540601E+00 -0.543500E+00
  0.263000E+01  0.537522E+00 -0.546244E+00
  0.264000E+01  0.534331E+00 -0.548765E+00
  0.265000E+01  0.531031E+00 -0.551065E+00
  0.266000E+01  0.527627E+00 -0.553146E+00
  0.267000E+01  0.524121E+00 -0.555009E+00
  0.268000E+01  0.520517E+00 -0.556658E+00
  0.269000E+01  0.516818E+00 -0.558094E+00
  0.270000E+01  0.513028E+00 -0.559320E+00
  0.271000E+01  0.509151E+00 -0.560339E+00
  0.272000E+01  0.505189E+00 -0.561152E+00
  0.273000E+01  0.501146E+00 -0.561764E+00
  0.274000E+01  0.497026E+00 -0.562176E+00
  0.275000E+01  0.492831E+00 -0.562392E+00
  0.276000E+01  0.488566E+00 -0.562415E+00
  0.277000E+01  0.484233E+00 -0.562248E+00
  0.278000E+01  0.479836E+00 -0.561893E+00
  0.279000E+01  0.475377E+00 -0.561355E+00
  0.280000E+01  0.470861E+00 -0.560636E+00
  0.281000E+01  0.466291E+00 -0.559739E+00
  0.282000E+01  0.461669E+00 -0.558670E+00
  0.283000E+01  0.456998E+00 -0.557429E+00
  0.284000E+01  0.452282E+00 -0.556023E+00
  0.285000E+01  0.447524E+00 -0.554452E+00
  0.286000E+01  0.442727E+00 -0.552723E+00
  0.287000E+01  0.437893E+00 -0.550837E+00
  0.288000E+01  0.433026E+00 -0.548800E+00
  0.289000E+01  0.428129E+00 -0.546613E+00
  0.290000E+01  0.423203E+00 -0.544283E+00
  0.291000E+01  0.418253E+00 -0.541811E+00
  0.292000E+01  0.413280E+00 -0.539201E+00
  0.293000E+01  0.408288E+00 -0.536459E+00
  0.294000E+01  0.403279E+00 -0.533587E+00
  0.295000E+01  0.398256E+00 -0.530589E+00
  0.296000E+01  0.393220E+00 -0.527469E+00
  0.297000E+01  0.388176E+00 -0.524232E+00
  0.298000E+01  0.383124E+00 -0.520879E+00
  0.299000E+01  0.378068E+00 -0.517417E+00
  0.300000E+01  0.373009E+00 -0.513848E+00
  0.301000E+01  0.367950E+00 -0.510176E+00
  0.302000E+01  0.362894E+00 -0.506405E+00
  0.303000E+01  0.357842E+00 -0.502539E+00
  0.304000E+01  0.352797E+00 -0.498582E+00
  0.305000E+01  0.347760E+00 -0.494537E+00
  0.306000E+01  0.342733E+00 -0.490408E+00
  0.307000E+01  0.337719E+00 -0.486198E+00
  0.308000E+01  0.332719E+00 -0.481912E+00
  0.309000E+01  0.327736E+00 -0.477553E+00
  0.310000E+01  0.322770E+00 -0.473125E+00
  0.311000E+01  0.317824E+00 -0.468631E+00
  0.312000E+01  0.312900E+00 -0.464075E+00
  0.313000E+01  0.307998E+00 -0.459460E+00
  0.314000E+01  0.303121E+00 -0.454789E+00
  0.315000E+01  0.298270E+00 -0.450067E+00
  0.316000E+01  0.293447E+00 -0.445297E+00
  0.317000E+01  0.288653E+00 -0.440481E+00
  0.318000E+01  0.283888E+00 -0.435623E+00
  0.319000E+01  0.279156E+00 -0.430726E+00
  0.320000E+01  0.274456E+00 -0.425794E+00
  0.321000E+01  0.269790E+00 -0.420830E+00
  0.322000E+01  0.265159E+00 -0.415836E+00
  0.323000E+01  0.260565E+00 -0.410817E+00
  0.324000E+01  0.256008E+00 -0.405773E+00
  0.325000E+01  0.251489E+00 -0.400710E+00
  0.326000E+01  0.247010E+00 -0.395629E+00
  0.327000E+01  0.242571E+00 -0.390533E+00
  0.328000E+01  0.238172E+00 -0.385425E+00
  0.329000E+01  0.233816E+00 -0.380308E+00
  0.330000E+01  0.229503E+00 -0.375184E+00
  0.331000E+01  0.225232E+00 -0.370055E+00
  0.332000E+01  0.221006E+00 -0.364926E+00
  0.333000E+01  0.216825E+00 -0.359797E+00
  0.334000E+01  0.212688E+00 -0.354671E+00
  0.335000E+01  0.208598E+00 -0.349551E+00
  0.336000E+01  0.204554E+00 -0.344438E+00
  0.337000E+01  0.200557E+00 -0.339336E+00
  0.338000E+01  0.196607E+00 -0.334246E+00
  0.339000E+01  0.192705E+00 -0.329169E+00
  0.340000E+01  0.188850E+00 -0.324109E+00
  0.341000E+01  0.185045E+00 -0.319067E+00
  0.342000E+01  0.181287E+00 -0.314046E+00
  0.343000E+01  0.177579E+00 -0.309046E+00
  0.344000E+01  0.173920E+00 -0.304069E+00
  0.345000E+01  0.170310E+00 -0.299118E+00
  0.346000E+01  0.166749E+00 -0.294194E+00
  0.347000E+01  0.163238E+00 -0.289299E+00
  0.348000E+01  0.159777E+00 -0.284433E+00
  0.349000E+01  0.156365E+00 -0.279599E+00
  0.350000E+01  0.153003E+00 -0.274799E+00
  0.351000E+01  0.149691E+00 -0.270032E+00
  0.352000E+01  0.146428E+00 -0.265301E+00
  0.353000E+01  0.143215E+00 -0.260607E+00
  0.354000E+01  0.140052E+00 -0.255951E+00
  0.355000E+01  0.136938E+00 -0.251335E+00
  0.356000E+01  0.133873E+00 -0.246758E+00
  0.357000E+01  0.130858E+00 -0.242223E+00
  0.358000E+01  0.127892E+00 -0.237730E+00
  0.359000E+01  0.124974E+00 -0.233280E+00
  0.360000E+01  0.122105E+00 -0.228875E+00
  0.361000E+01  0.119284E+00 -0.224514E+00
  0.362000E+01  0.116512E+00 -0.220199E+00
  0.363000E+01  0.113787E+00 -0.215930E+00
  0.364000E+01  0.111110E+00 -0.211708E+00
  0.365000E+01  0.108480E+00 -0.207534E+00
  0.366000E+01  0.105897E+00 -0.203408E+00
  0.367000E+01  0.103360E+00 -0.199330E+00
  0.368000E+01  0.100870E+00 -0.195302E+00
  0.369000E+01  0.984253E-01 -0.191323E+00
  0.370000E+01  0.960261E-01 -0.187395E+00
  0.371000E+01  0.936721E-01 -0.183517E+00
  0.372000E+01  0.913626E-01 -0.179690E+00
  0.373000E+01  0.890974E-01 -0.175913E+00
  0.374000E+01  0.868759E-01 -0.172188E+00
  0.375000E+01  0.846977E-01 -0.168514E+00
  0.376000E+01  0.825625E-01 -0.164892E+00
  0.377000E+01  0.804696E-01 -0.161322E+00
  0.378000E+01  0.784187E-01 -0.157803E+00
  0.379000E+01  0.764093E-01 -0.154337E+00
  0.380000E+01  0.744408E-01 -0.150922E+00
  0.381000E+01  0.725129E-01 -0.147559E+00
  0.382000E+01  0.706249E-01 -0.144248E+00
  0.383000E+01  0.687764E-01 -0.140989E+00
  0.384000E+01  0.669670E-01 -0.137782E+00
  0.385000E+01  0.651960E-01 -0.134626E+00
  0.386000E+01  0.634629E-01 -0.131522E+00
  0.387000E+01  0.617673E-01 -0.128469E+00
  0.388000E+01  0.601087E-01 -0.125467E+00
  0.389000E+01  0.584864E-01 -0.122516E+00
  0.390000E+01  0.568999E-01 -0.119615E+00
  0.391000E+01  0.553489E-01 -0.116765E+00
  0.392000E+01  0.538326E-01 -0.113965E+00
  0.393000E+01  0.523506E-01 -0.111215E+00
  0.394000E+01  0.509023E-01 -0.108514E+00
  0.395000E+01  0.494872E-01 -0.105862E+00
  0.396000E+01  0.481048E-01 -0.103259E+00
  0.397000E+01  0.467546E-01 -0.100704E+00
  0.398000E+01  0.454359E-01 -0.981972E-01
  0.399000E+01  0.441484E-01 -0.957380E-01
  0.400000E+01  0.428913E-01 -0.933258E-01
  0.401000E+01  0.416644E-01 -0.909603E-01
  0.402000E+01  0.404669E-01 -0.886410E-01
  0.403000E+01  0.392984E-01 -0.863674E-01
  0.404000E+01  0.381583E-01 -0.841391E-01
  0.405000E+01  0.370462E-01 -0.819556E-01
  0.406000E+01  0.359615E-01 -0.798163E-01
  0.407000E+01  0.349037E-01 -0.777208E-01
  0.408000E+01  0.338723E-01 -0.756686E-01
  0.409000E+01  0.328668E-01 -0.736591E-01
  0.410000E+01  0.318868E-01 -0.716918E-01
  0.411000E+01  0.309316E-01 -0.697661E-01
  0.412000E+01  0.300008E-01 -0.678815E-01
  0.413000E+01  0.290940E-01 -0.660375E-01
  0.414000E+01  0.282106E-01 -0.642335E-01
  0.415000E+01  0.273502E-01 -0.624689E-01
  0.416000E+01  0.265122E-01 -0.607432E-01
  0.417000E+01  0.256963E-01 -0.590558E-01
  0.418000E+01  0.249019E-01 -0.574061E-01
  0.419000E+01  0.241286E-01 -0.557935E-01
  0.420000E+01  0.233760E-01 -0.542176E-01
  0.421000E+01  0.226436E-01 -0.526776E-01
  0.422000E+01  0.219309E-01 -0.511731E-01
  0.423000E+01  0.212376E-01 -0.497034E-01
  0.424000E+01  0.205631E-01 -0.482680E-01
  0.425000E+01  0.199071E-01 -0.468662E-01
  0.426000E+01  0.192691E-01 -0.454976E-01
  0.427000E+01  0.186488E-01 -0.441614E-01
  0.428000E+01  0.180457E-01 -0.428572E-01
  0.429000E+01  0.174594E-01 -0.415844E-01
  0.430000E+01  0.168895E-01 -0.403423E-01
  0.431000E+01  0.163356E-01 -0.391305E-01
  0.432000E+01  0.157974E-01 -0.379483E-01
  0.433000E+01  0.152745E-01 -0.367952E-01
  0.434000E+01  0.147664E-01 -0.356706E-01
  0.435000E+01  0.142729E-01 -0.345740E-01
  0.436000E+01  0.137935E-01 -0.335047E-01
  0.437000E+01  0.133279E-01 -0.324623E-01
  0.438000E+01  0.128758E-01 -0.314462E-01
  0.439000E+01  0.124368E-01 -0.304558E-01
  0.440000E+01  0.120106E-01 -0.294906E-01
  0.441000E+01  0.115968E-01 -0.285500E-01
  0.442000E+01  0.111952E-01 -0.276336E-01
  0.443000E+01  0.108053E-01 -0.267407E-01
  0.444000E+01  0.104270E-01 -0.258709E-01
  0.445000E+01  0.100597E-01 -0.250237E-01
  0.446000E+01  0.970341E-02 -0.241985E-01
  0.447000E+01  0.935764E-02 -0.233948E-01
  0.448000E+01  0.902214E-02 -0.226121E-01
  0.449000E+01  0.869664E-02 -0.218499E-01
  0.450000E+01  0.838084E-02 -0.211078E-01
  0.451000E+01  0.807447E-02 -0.203852E-01
  0.452000E+01  0.777725E-02 -0.196816E-01
  0.453000E+01  0.748893E-02 -0.189965E-01
  0.454000E+01  0.720923E-02 -0.183296E-01
  0.455000E+01  0.693791E-02 -0.176802E-01
  0.456000E+01  0.667470E-02 -0.170481E-01
  0.457000E+01  0.641937E-02 -0.164326E-01
  0.458000E+01  0.617167E-02 -0.158334E-01
  0.459000E+01  0.593135E-02 -0.152499E-01
  0.460000E+01  0.569820E-02 -0.146818E-01
  0.461000E+01  0.547198E-02 -0.141287E-01
  0.462000E+01  0.525246E-02 -0.135900E-01
  0.463000E+01  0.503942E-02 -0.130654E-01
  0.464000E+01  0.483266E-02 -0.125544E-01
  0.465000E+01  0.463195E-02 -0.120566E-01
  0.466000E+01  0.443708E-02 -0.115716E-01
  0.467000E+01  0.424786E-02 -0.110991E-01
  0.468000E+01  0.406408E-02 -0.106385E-01
  0.469000E+01  0.388554E-02 -0.101895E-01
  0.470000E+01  0.371205E-02 -0.975177E-02
  0.471000E+01  0.354343E-02 -0.932482E-02
  0.472000E+01  0.337947E-02 -0.890831E-02
  0.473000E+01  0.322000E-02 -0.850183E-02
  0.474000E+01  0.306484E-02 -0.810503E-02
  0.475000E+01  0.291381E-02 -0.771752E-02
  0.476000E+01  0.276673E-02 -0.733894E-02
  0.477000E+01  0.262342E-02 -0.696891E-02
  0.478000E+01  0.248373E-02 -0.660708E-02
  0.479000E+01  0.234747E-02 -0.625307E-02
  0.480000E+01  0.221449E-02 -0.590653E-02
  0.481000E+01  0.208462E-02 -0.556710E-02
  0.482000E+01  0.195769E-02 -0.523442E-02
  0.483000E+01  0.183356E-02 -0.490815E-02
  0.484000E+01  0.171204E-02 -0.458794E-02
  0.485000E+01  0.159300E-02 -0.427342E-02
  0.486000E+01  0.147627E-02 -0.396425E-02
  0.487000E+01  0.136170E-02 -0.366009E-02
  0.488000E+01  0.124914E-02 -0.336058E-02
  0.489000E+01  0.113842E-02 -0.306538E-02
  0.490000E+01  0.102941E-02 -0.277413E-02
  0.491000E+01  0.921933E-03 -0.248649E-02
  0.492000E+01  0.815853E-03 -0.220212E-02
  0.493000E+01  0.711014E-03 -0.192065E-02
  0.494000E+01  0.607264E-03 -0.164174E-02
  0.495000E+01  0.504448E-03 -0.136502E-02
  0.496000E+01  0.402415E-03 -0.109015E-02
  0.497000E+01  0.301009E-03 -0.816764E-03
  0.498000E+01  0.200076E-03 -0.544495E-03
  0.499000E+01  0.994587E-04 -0.272977E-03
  0.500000E+01 -0.100054E-05 -0.183736E-05
