 -0.500000E+01  0.000000E+00
 -0.490000E+01  0.100000E+00
 -0.480000E+01  0.222655E+01
 -0.470000E+01  0.476020E+02
 -0.460000E+01  0.978450E+03
 -0.450000E+01  0.193233E+05
 -0.440000E+01  0.366395E+06
 -0.430000E+01  0.666549E+07
 -0.420000E+01  0.116253E+09
 -0.410000E+01  0.194237E+10
 -0.400000E+01  0.310649E+11
 -0.390000E+01  0.475179E+12
 -0.380000E+01  0.694582E+13
 -0.370000E+01  0.969359E+14
 -0.360000E+01  0.129045E+16
 -0.350000E+01  0.163712E+17
 -0.340000E+01  0.197732E+18
 -0.330000E+01  0.227136E+19
 -0.320000E+01  0.247882E+20
 -0.310000E+01  0.256734E+21
 -0.300000E+01  0.252059E+22
 -0.290000E+01  0.234311E+23
 -0.280000E+01  0.205979E+24
 -0.270000E+01  0.171019E+25
 -0.260000E+01  0.133933E+26
 -0.250000E+01  0.988015E+26
 -0.240000E+01  0.685584E+27
 -0.230000E+01  0.446835E+28
 -0.220000E+01  0.273132E+29
 -0.210000E+01  0.156336E+30
 -0.200000E+01  0.836595E+30
 -0.190000E+01  0.417849E+31
 -0.180000E+01  0.194462E+32
 -0.170000E+01  0.841781E+32
 -0.160000E+01  0.338324E+33
 -0.150000E+01  0.126018E+34
 -0.140000E+01  0.434188E+34
 -0.130000E+01  0.138110E+35
 -0.120000E+01  0.404769E+35
 -0.110000E+01  0.109078E+36
 -0.100000E+01  0.269708E+36
 -0.900000E+00  0.610545E+36
 -0.800000E+00  0.126238E+37
 -0.700000E+00  0.237798E+37
 -0.600000E+00  0.406927E+37
 -0.500000E+00  0.630395E+37
 -0.400000E+00  0.880155E+37
 -0.300000E+00  0.110050E+38
 -0.200000E+00  0.121978E+38
 -0.999999E-01  0.117613E+38
  0.000000E+00  0.945940E+37
  0.999999E-01  0.557819E+37
  0.200000E+00  0.812089E+36
  0.300000E+00 -0.406280E+37
  0.400000E+00 -0.856509E+37
  0.500000E+00 -0.127820E+38
  0.600000E+00 -0.175336E+38
  0.700000E+00 -0.246295E+38
  0.800000E+00 -0.376937E+38
  0.900000E+00 -0.646177E+38
  0.100000E+01 -0.124486E+39
  0.110000E+01 -0.267603E+39
  0.120000E+01     -Infinity
  0.130000E+01     -Infinity
  0.140000E+01           NaN
  0.150000E+01           NaN
  0.160000E+01           NaN
  0.170000E+01           NaN
  0.180000E+01           NaN
  0.190000E+01           NaN
  0.200000E+01           NaN
  0.210000E+01           NaN
  0.220000E+01           NaN
  0.230000E+01           NaN
  0.240000E+01           NaN
  0.250000E+01           NaN
  0.260000E+01           NaN
  0.270000E+01           NaN
  0.280000E+01           NaN
  0.290000E+01           NaN
  0.300000E+01           NaN
  0.310000E+01           NaN
  0.320000E+01           NaN
  0.330000E+01           NaN
  0.340000E+01           NaN
  0.350000E+01           NaN
  0.360000E+01           NaN
  0.370000E+01           NaN
  0.380000E+01           NaN
  0.390000E+01           NaN
  0.400000E+01           NaN
  0.410000E+01           NaN
  0.420000E+01           NaN
  0.430000E+01           NaN
  0.440000E+01           NaN
  0.450000E+01           NaN
  0.460000E+01           NaN
  0.470000E+01           NaN
  0.480000E+01           NaN
  0.490000E+01           NaN
  0.500000E+01           NaN
