   0.10000E-01   0.10000E+00
   0.20000E-01   0.19950E+00
   0.30000E-01   0.29800E+00
   0.40000E-01   0.39502E+00
   0.50000E-01   0.49006E+00
   0.60000E-01   0.58265E+00
   0.70000E-01   0.67232E+00
   0.80000E-01   0.75864E+00
   0.90000E-01   0.84117E+00
   0.10000E+00   0.91949E+00
   0.11000E+00   0.99322E+00
   0.12000E+00   0.10620E+01
   0.13000E+00   0.11254E+01
   0.14000E+00   0.11833E+01
   0.15000E+00   0.12352E+01
   0.16000E+00   0.12809E+01
   0.17000E+00   0.13203E+01
   0.18000E+00   0.13530E+01
   0.19000E+00   0.13790E+01
   0.20000E+00   0.13981E+01
   0.21000E+00   0.14102E+01
   0.22000E+00   0.14152E+01
   0.23000E+00   0.14132E+01
   0.24000E+00   0.14041E+01
   0.25000E+00   0.13880E+01
   0.26000E+00   0.13650E+01
   0.27000E+00   0.13351E+01
   0.28000E+00   0.12986E+01
   0.29000E+00   0.12556E+01
   0.30000E+00   0.12063E+01
   0.31000E+00   0.11509E+01
   0.32000E+00   0.10899E+01
   0.33000E+00   0.10233E+01
   0.34000E+00   0.95169E+00
   0.35000E+00   0.87529E+00
   0.36000E+00   0.79452E+00
   0.37000E+00   0.70978E+00
   0.38000E+00   0.62149E+00
   0.39000E+00   0.53009E+00
   0.40000E+00   0.43604E+00
   0.41000E+00   0.33982E+00
   0.42000E+00   0.24189E+00
   0.43000E+00   0.14276E+00
   0.44000E+00   0.42912E-01
   0.45000E+00  -0.57149E-01
   0.46000E+00  -0.15692E+00
   0.47000E+00  -0.25592E+00
   0.48000E+00  -0.35363E+00
   0.49000E+00  -0.44957E+00
   0.50000E+00  -0.54327E+00
   0.51000E+00  -0.63425E+00
   0.52000E+00  -0.72207E+00
   0.53000E+00  -0.80627E+00
   0.54000E+00  -0.88645E+00
   0.55000E+00  -0.96219E+00
   0.56000E+00  -0.10331E+01
   0.57000E+00  -0.10989E+01
   0.58000E+00  -0.11592E+01
   0.59000E+00  -0.12137E+01
   0.60000E+00  -0.12621E+01
   0.61000E+00  -0.13042E+01
   0.62000E+00  -0.13398E+01
   0.63000E+00  -0.13687E+01
   0.64000E+00  -0.13907E+01
   0.65000E+00  -0.14058E+01
   0.66000E+00  -0.14139E+01
   0.67000E+00  -0.14149E+01
   0.68000E+00  -0.14089E+01
   0.69000E+00  -0.13958E+01
   0.70000E+00  -0.13757E+01
   0.71000E+00  -0.13488E+01
   0.72000E+00  -0.13151E+01
   0.73000E+00  -0.12748E+01
   0.74000E+00  -0.12282E+01
   0.75000E+00  -0.11754E+01
   0.76000E+00  -0.11167E+01
   0.77000E+00  -0.10525E+01
   0.78000E+00  -0.98302E+00
   0.79000E+00  -0.90861E+00
   0.80000E+00  -0.82967E+00
   0.81000E+00  -0.74658E+00
   0.82000E+00  -0.65975E+00
   0.83000E+00  -0.56963E+00
   0.84000E+00  -0.47667E+00
   0.85000E+00  -0.38132E+00
   0.86000E+00  -0.28406E+00
   0.87000E+00  -0.18539E+00
   0.88000E+00  -0.85784E-01
   0.89000E+00   0.14246E-01
   0.90000E+00   0.11421E+00
   0.91000E+00   0.21359E+00
   0.92000E+00   0.31192E+00
   0.93000E+00   0.40868E+00
   0.94000E+00   0.50340E+00
   0.95000E+00   0.59560E+00
   0.96000E+00   0.68483E+00
   0.97000E+00   0.77063E+00
   0.98000E+00   0.85258E+00
   0.99000E+00   0.93028E+00
   0.10000E+01   0.10033E+01
