 -0.500000E+01  0.405274E+13
 -0.499000E+01  0.354792E+13
 -0.498000E+01  0.310355E+13
 -0.497000E+01  0.271264E+13
 -0.496000E+01  0.236905E+13
 -0.495000E+01  0.206725E+13
 -0.494000E+01  0.180240E+13
 -0.493000E+01  0.157014E+13
 -0.492000E+01  0.136663E+13
 -0.491000E+01  0.118844E+13
 -0.490000E+01  0.103257E+13
 -0.489000E+01  0.896330E+12
 -0.488000E+01  0.777351E+12
 -0.487000E+01  0.673529E+12
 -0.486000E+01  0.583022E+12
 -0.485000E+01  0.504186E+12
 -0.484000E+01  0.435584E+12
 -0.483000E+01  0.375937E+12
 -0.482000E+01  0.324130E+12
 -0.481000E+01  0.279171E+12
 -0.480000E+01  0.240196E+12
 -0.479000E+01  0.206440E+12
 -0.478000E+01  0.177235E+12
 -0.477000E+01  0.151991E+12
 -0.476000E+01  0.130196E+12
 -0.475000E+01  0.111397E+12
 -0.474000E+01  0.952003E+11
 -0.473000E+01  0.812616E+11
 -0.472000E+01  0.692783E+11
 -0.471000E+01  0.589890E+11
 -0.470000E+01  0.501636E+11
 -0.469000E+01  0.426036E+11
 -0.468000E+01  0.361347E+11
 -0.467000E+01  0.306069E+11
 -0.466000E+01  0.258887E+11
 -0.465000E+01  0.218671E+11
 -0.464000E+01  0.184434E+11
 -0.463000E+01  0.155330E+11
 -0.462000E+01  0.130620E+11
 -0.461000E+01  0.109673E+11
 -0.460000E+01  0.919388E+10
 -0.459000E+01  0.769483E+10
 -0.458000E+01  0.642950E+10
 -0.457000E+01  0.536318E+10
 -0.456000E+01  0.446589E+10
 -0.455000E+01  0.371213E+10
 -0.454000E+01  0.307993E+10
 -0.453000E+01  0.255062E+10
 -0.452000E+01  0.210819E+10
 -0.451000E+01  0.173908E+10
 -0.450000E+01  0.143166E+10
 -0.449000E+01  0.117611E+10
 -0.448000E+01  0.964112E+09
 -0.447000E+01  0.788574E+09
 -0.446000E+01  0.643517E+09
 -0.445000E+01  0.523908E+09
 -0.444000E+01  0.425499E+09
 -0.443000E+01  0.344704E+09
 -0.442000E+01  0.278531E+09
 -0.441000E+01  0.224457E+09
 -0.440000E+01  0.180381E+09
 -0.439000E+01  0.144543E+09
 -0.438000E+01  0.115483E+09
 -0.437000E+01  0.919793E+08
 -0.436000E+01  0.730257E+08
 -0.435000E+01  0.577842E+08
 -0.434000E+01  0.455660E+08
 -0.433000E+01  0.358013E+08
 -0.432000E+01  0.280237E+08
 -0.431000E+01  0.218494E+08
 -0.430000E+01  0.169656E+08
 -0.429000E+01  0.131167E+08
 -0.428000E+01  0.100953E+08
 -0.427000E+01  0.773301E+07
 -0.426000E+01  0.589403E+07
 -0.425000E+01  0.446870E+07
 -0.424000E+01  0.336924E+07
 -0.423000E+01  0.252539E+07
 -0.422000E+01  0.188107E+07
 -0.421000E+01  0.139182E+07
 -0.420000E+01  0.102253E+07
 -0.419000E+01  0.745532E+06
 -0.418000E+01  0.539139E+06
 -0.417000E+01  0.386468E+06
 -0.416000E+01  0.274392E+06
 -0.415000E+01  0.192809E+06
 -0.414000E+01  0.133950E+06
 -0.413000E+01  0.919049E+05
 -0.412000E+01  0.621891E+05
 -0.411000E+01  0.414366E+05
 -0.410000E+01  0.271318E+05
 -0.409000E+01  0.174166E+05
 -0.408000E+01  0.109267E+05
 -0.407000E+01  0.667358E+04
 -0.406000E+01  0.394685E+04
 -0.405000E+01  0.224390E+04
 -0.404000E+01  0.121321E+04
 -0.403000E+01  0.613424E+03
 -0.402000E+01  0.281640E+03
 -0.401000E+01  0.110486E+03
 -0.400000E+01  0.310000E+02
 -0.399000E+01  0.403416E+00
 -0.398000E+01 -0.671847E+01
 -0.397000E+01 -0.456505E+01
 -0.396000E+01 -0.365555E+00
 -0.395000E+01  0.277041E+01
 -0.394000E+01  0.399412E+01
 -0.393000E+01  0.355241E+01
 -0.392000E+01  0.209590E+01
 -0.391000E+01  0.301470E+00
 -0.390000E+01 -0.130468E+01
 -0.389000E+01 -0.240347E+01
 -0.388000E+01 -0.287120E+01
 -0.387000E+01 -0.273680E+01
 -0.386000E+01 -0.212860E+01
 -0.385000E+01 -0.122414E+01
 -0.384000E+01 -0.209466E+00
 -0.383000E+01  0.750387E+00
 -0.382000E+01  0.152876E+01
 -0.381000E+01  0.204548E+01
 -0.380000E+01  0.226653E+01
 -0.379000E+01  0.219883E+01
 -0.378000E+01  0.188131E+01
 -0.377000E+01  0.137475E+01
 -0.376000E+01  0.751523E+00
 -0.375000E+01  0.862911E-01
 -0.374000E+01 -0.551627E+00
 -0.373000E+01 -0.110392E+01
 -0.372000E+01 -0.152693E+01
 -0.371000E+01 -0.179336E+01
 -0.370000E+01 -0.189230E+01
 -0.369000E+01 -0.182795E+01
 -0.368000E+01 -0.161728E+01
 -0.367000E+01 -0.128711E+01
 -0.366000E+01 -0.870872E+00
 -0.365000E+01 -0.405370E+00
 -0.364000E+01  0.722976E-01
 -0.363000E+01  0.527309E+00
 -0.362000E+01  0.929393E+00
 -0.361000E+01  0.125423E+01
 -0.360000E+01  0.148457E+01
 -0.359000E+01  0.161059E+01
 -0.358000E+01  0.162978E+01
 -0.357000E+01  0.154647E+01
 -0.356000E+01  0.137088E+01
 -0.355000E+01  0.111806E+01
 -0.354000E+01  0.806522E+00
 -0.353000E+01  0.457005E+00
 -0.352000E+01  0.909861E-01
 -0.351000E+01 -0.270414E+00
 -0.350000E+01 -0.607646E+00
 -0.349000E+01 -0.903603E+00
 -0.348000E+01 -0.114434E+01
 -0.347000E+01 -0.131956E+01
 -0.346000E+01 -0.142287E+01
 -0.345000E+01 -0.145185E+01
 -0.344000E+01 -0.140784E+01
 -0.343000E+01 -0.129570E+01
 -0.342000E+01 -0.112331E+01
 -0.341000E+01 -0.900981E+00
 -0.340000E+01 -0.640875E+00
 -0.339000E+01 -0.356297E+00
 -0.338000E+01 -0.610712E-01
 -0.337000E+01  0.231182E+00
 -0.336000E+01  0.507531E+00
 -0.335000E+01  0.756360E+00
 -0.334000E+01  0.967695E+00
 -0.333000E+01  0.113362E+01
 -0.332000E+01  0.124844E+01
 -0.331000E+01  0.130883E+01
 -0.330000E+01  0.131384E+01
 -0.329000E+01  0.126480E+01
 -0.328000E+01  0.116518E+01
 -0.327000E+01  0.102033E+01
 -0.326000E+01  0.837195E+00
 -0.325000E+01  0.623942E+00
 -0.324000E+01  0.389622E+00
 -0.323000E+01  0.143773E+00
 -0.322000E+01 -0.103963E+00
 -0.321000E+01 -0.344196E+00
 -0.320000E+01 -0.568132E+00
 -0.319000E+01 -0.767862E+00
 -0.318000E+01 -0.936616E+00
 -0.317000E+01 -0.106896E+01
 -0.316000E+01 -0.116092E+01
 -0.315000E+01 -0.121010E+01
 -0.314000E+01 -0.121568E+01
 -0.313000E+01 -0.117836E+01
 -0.312000E+01 -0.110033E+01
 -0.311000E+01 -0.985124E+00
 -0.310000E+01 -0.837416E+00
 -0.309000E+01 -0.662882E+00
 -0.308000E+01 -0.467912E+00
 -0.307000E+01 -0.259441E+00
 -0.306000E+01 -0.446321E-01
 -0.305000E+01  0.169292E+00
 -0.304000E+01  0.375357E+00
 -0.303000E+01  0.566980E+00
 -0.302000E+01  0.738243E+00
 -0.301000E+01  0.883986E+00
 -0.300000E+01  0.100000E+01
 -0.299000E+01  0.108311E+01
 -0.298000E+01  0.113123E+01
 -0.297000E+01  0.114343E+01
 -0.296000E+01  0.111989E+01
 -0.295000E+01  0.106189E+01
 -0.294000E+01  0.971755E+00
 -0.293000E+01  0.852699E+00
 -0.292000E+01  0.708765E+00
 -0.291000E+01  0.544653E+00
 -0.290000E+01  0.365569E+00
 -0.289000E+01  0.177062E+00
 -0.288000E+01 -0.151510E-01
 -0.287000E+01 -0.205355E+00
 -0.286000E+01 -0.388000E+00
 -0.285000E+01 -0.557858E+00
 -0.284000E+01 -0.710166E+00
 -0.283000E+01 -0.840751E+00
 -0.282000E+01 -0.946136E+00
 -0.281000E+01 -0.102361E+01
 -0.280000E+01 -0.107132E+01
 -0.279000E+01 -0.108826E+01
 -0.278000E+01 -0.107432E+01
 -0.277000E+01 -0.103023E+01
 -0.276000E+01 -0.957583E+00
 -0.275000E+01 -0.858705E+00
 -0.274000E+01 -0.736622E+00
 -0.273000E+01 -0.594948E+00
 -0.272000E+01 -0.437780E+00
 -0.271000E+01 -0.269574E+00
 -0.270000E+01 -0.950230E-01
 -0.269000E+01  0.810752E-01
 -0.268000E+01  0.253948E+00
 -0.267000E+01  0.418973E+00
 -0.266000E+01  0.571800E+00
 -0.265000E+01  0.708460E+00
 -0.264000E+01  0.825461E+00
 -0.263000E+01  0.919876E+00
 -0.262000E+01  0.989408E+00
 -0.261000E+01  0.103244E+01
 -0.260000E+01  0.104806E+01
 -0.259000E+01  0.103609E+01
 -0.258000E+01  0.997071E+00
 -0.257000E+01  0.932225E+00
 -0.256000E+01  0.843434E+00
 -0.255000E+01  0.733180E+00
 -0.254000E+01  0.604462E+00
 -0.253000E+01  0.460724E+00
 -0.252000E+01  0.305755E+00
 -0.251000E+01  0.143594E+00
 -0.250000E+01 -0.215774E-01
 -0.249000E+01 -0.185541E+00
 -0.248000E+01 -0.344149E+00
 -0.247000E+01 -0.493424E+00
 -0.246000E+01 -0.629660E+00
 -0.245000E+01 -0.749509E+00
 -0.244000E+01 -0.850058E+00
 -0.243000E+01 -0.928904E+00
 -0.242000E+01 -0.984197E+00
 -0.241000E+01 -0.101469E+01
 -0.240000E+01 -0.101976E+01
 -0.239000E+01 -0.999410E+00
 -0.238000E+01 -0.954278E+00
 -0.237000E+01 -0.885601E+00
 -0.236000E+01 -0.795191E+00
 -0.235000E+01 -0.685375E+00
 -0.234000E+01 -0.558945E+00
 -0.233000E+01 -0.419078E+00
 -0.232000E+01 -0.269260E+00
 -0.231000E+01 -0.113195E+00
 -0.230000E+01  0.452704E-01
 -0.229000E+01  0.202264E+00
 -0.228000E+01  0.353968E+00
 -0.227000E+01  0.496709E+00
 -0.226000E+01  0.627052E+00
 -0.225000E+01  0.741875E+00
 -0.224000E+01  0.838446E+00
 -0.223000E+01  0.914485E+00
 -0.222000E+01  0.968213E+00
 -0.221000E+01  0.998397E+00
 -0.220000E+01  0.100437E+01
 -0.219000E+01  0.986057E+00
 -0.218000E+01  0.943952E+00
 -0.217000E+01  0.879125E+00
 -0.216000E+01  0.793185E+00
 -0.215000E+01  0.688239E+00
 -0.214000E+01  0.566843E+00
 -0.213000E+01  0.431937E+00
 -0.212000E+01  0.286779E+00
 -0.211000E+01  0.134860E+00
 -0.210000E+01 -0.201714E-01
 -0.209000E+01 -0.174603E+00
 -0.208000E+01 -0.324741E+00
 -0.207000E+01 -0.467000E+00
 -0.206000E+01 -0.597989E+00
 -0.205000E+01 -0.714588E+00
 -0.204000E+01 -0.814018E+00
 -0.203000E+01 -0.893915E+00
 -0.202000E+01 -0.952380E+00
 -0.201000E+01 -0.988024E+00
 -0.200000E+01 -0.100000E+01
 -0.199000E+01 -0.988024E+00
 -0.198000E+01 -0.952380E+00
 -0.197000E+01 -0.893915E+00
 -0.196000E+01 -0.814018E+00
 -0.195000E+01 -0.714588E+00
 -0.194000E+01 -0.597992E+00
 -0.193000E+01 -0.467004E+00
 -0.192000E+01 -0.324744E+00
 -0.191000E+01 -0.174606E+00
 -0.190000E+01 -0.201752E-01
 -0.189000E+01  0.134857E+00
 -0.188000E+01  0.286775E+00
 -0.187000E+01  0.431934E+00
 -0.186000E+01  0.566840E+00
 -0.185000E+01  0.688236E+00
 -0.184000E+01  0.793183E+00
 -0.183000E+01  0.879123E+00
 -0.182000E+01  0.943950E+00
 -0.181000E+01  0.986056E+00
 -0.180000E+01  0.100437E+01
 -0.179000E+01  0.998397E+00
 -0.178000E+01  0.968213E+00
 -0.177000E+01  0.914485E+00
 -0.176000E+01  0.838446E+00
 -0.175000E+01  0.741875E+00
 -0.174000E+01  0.627052E+00
 -0.173000E+01  0.496709E+00
 -0.172000E+01  0.353968E+00
 -0.171000E+01  0.202264E+00
 -0.170000E+01  0.452704E-01
 -0.169000E+01 -0.113195E+00
 -0.168000E+01 -0.269256E+00
 -0.167000E+01 -0.419074E+00
 -0.166000E+01 -0.558942E+00
 -0.165000E+01 -0.685372E+00
 -0.164000E+01 -0.795188E+00
 -0.163000E+01 -0.885600E+00
 -0.162000E+01 -0.954276E+00
 -0.161000E+01 -0.999410E+00
 -0.160000E+01 -0.101976E+01
 -0.159000E+01 -0.101469E+01
 -0.158000E+01 -0.984199E+00
 -0.157000E+01 -0.928906E+00
 -0.156000E+01 -0.850061E+00
 -0.155000E+01 -0.749511E+00
 -0.154000E+01 -0.629660E+00
 -0.153000E+01 -0.493424E+00
 -0.152000E+01 -0.344149E+00
 -0.151000E+01 -0.185541E+00
 -0.150000E+01 -0.215774E-01
 -0.149000E+01  0.143594E+00
 -0.148000E+01  0.305755E+00
 -0.147000E+01  0.460724E+00
 -0.146000E+01  0.604462E+00
 -0.145000E+01  0.733180E+00
 -0.144000E+01  0.843434E+00
 -0.143000E+01  0.932223E+00
 -0.142000E+01  0.997070E+00
 -0.141000E+01  0.103609E+01
 -0.140000E+01  0.104806E+01
 -0.139000E+01  0.103244E+01
 -0.138000E+01  0.989409E+00
 -0.137000E+01  0.919878E+00
 -0.136000E+01  0.825464E+00
 -0.135000E+01  0.708463E+00
 -0.134000E+01  0.571804E+00
 -0.133000E+01  0.418977E+00
 -0.132000E+01  0.253952E+00
 -0.131000E+01  0.810793E-01
 -0.130000E+01 -0.950189E-01
 -0.129000E+01 -0.269570E+00
 -0.128000E+01 -0.437780E+00
 -0.127000E+01 -0.594948E+00
 -0.126000E+01 -0.736622E+00
 -0.125000E+01 -0.858705E+00
 -0.124000E+01 -0.957583E+00
 -0.123000E+01 -0.103023E+01
 -0.122000E+01 -0.107432E+01
 -0.121000E+01 -0.108826E+01
 -0.120000E+01 -0.107132E+01
 -0.119000E+01 -0.102361E+01
 -0.118000E+01 -0.946136E+00
 -0.117000E+01 -0.840754E+00
 -0.116000E+01 -0.710169E+00
 -0.115000E+01 -0.557862E+00
 -0.114000E+01 -0.388004E+00
 -0.113000E+01 -0.205360E+00
 -0.112000E+01 -0.151557E-01
 -0.111000E+01  0.177058E+00
 -0.110000E+01  0.365565E+00
 -0.109000E+01  0.544649E+00
 -0.108000E+01  0.708761E+00
 -0.107000E+01  0.852696E+00
 -0.106000E+01  0.971752E+00
 -0.105000E+01  0.106189E+01
 -0.104000E+01  0.111989E+01
 -0.103000E+01  0.114343E+01
 -0.102000E+01  0.113123E+01
 -0.101000E+01  0.108311E+01
 -0.100000E+01  0.100000E+01
 -0.990000E+00  0.883989E+00
 -0.980000E+00  0.738243E+00
 -0.970000E+00  0.566989E+00
 -0.960000E+00  0.375357E+00
 -0.950000E+00  0.169302E+00
 -0.940000E+00 -0.446321E-01
 -0.930000E+00 -0.259431E+00
 -0.920000E+00 -0.467912E+00
 -0.910000E+00 -0.662873E+00
 -0.900000E+00 -0.837416E+00
 -0.890000E+00 -0.985124E+00
 -0.880000E+00 -0.110033E+01
 -0.870000E+00 -0.117836E+01
 -0.860000E+00 -0.121568E+01
 -0.850000E+00 -0.121010E+01
 -0.840000E+00 -0.116092E+01
 -0.830000E+00 -0.106896E+01
 -0.820000E+00 -0.936620E+00
 -0.810000E+00 -0.767862E+00
 -0.800000E+00 -0.568137E+00
 -0.790000E+00 -0.344196E+00
 -0.780000E+00 -0.103968E+00
 -0.770000E+00  0.143773E+00
 -0.760000E+00  0.389617E+00
 -0.750000E+00  0.623942E+00
 -0.740000E+00  0.837190E+00
 -0.730000E+00  0.102033E+01
 -0.720000E+00  0.116518E+01
 -0.710000E+00  0.126480E+01
 -0.700000E+00  0.131384E+01
 -0.690000E+00  0.130883E+01
 -0.680000E+00  0.124845E+01
 -0.670000E+00  0.113362E+01
 -0.660000E+00  0.967704E+00
 -0.650000E+00  0.756360E+00
 -0.640000E+00  0.507531E+00
 -0.630000E+00  0.231182E+00
 -0.620000E+00 -0.610712E-01
 -0.610000E+00 -0.356297E+00
 -0.600000E+00 -0.640875E+00
 -0.590000E+00 -0.900975E+00
 -0.580000E+00 -0.112331E+01
 -0.570000E+00 -0.129570E+01
 -0.560000E+00 -0.140784E+01
 -0.550000E+00 -0.145184E+01
 -0.540000E+00 -0.142287E+01
 -0.530000E+00 -0.131956E+01
 -0.520000E+00 -0.114434E+01
 -0.510000E+00 -0.903609E+00
 -0.500000E+00 -0.607646E+00
 -0.490000E+00 -0.270423E+00
 -0.480000E+00  0.909861E-01
 -0.470000E+00  0.456987E+00
 -0.460000E+00  0.806522E+00
 -0.450000E+00  0.111804E+01
 -0.440000E+00  0.137088E+01
 -0.430000E+00  0.154646E+01
 -0.420000E+00  0.162978E+01
 -0.410000E+00  0.161059E+01
 -0.400000E+00  0.148457E+01
 -0.390000E+00  0.125423E+01
 -0.380000E+00  0.929393E+00
 -0.370000E+00  0.527309E+00
 -0.360000E+00  0.722976E-01
 -0.350000E+00 -0.405370E+00
 -0.340000E+00 -0.870862E+00
 -0.330000E+00 -0.128711E+01
 -0.320000E+00 -0.161727E+01
 -0.310000E+00 -0.182795E+01
 -0.300000E+00 -0.189230E+01
 -0.290000E+00 -0.179336E+01
 -0.280000E+00 -0.152694E+01
 -0.270000E+00 -0.110392E+01
 -0.260000E+00 -0.551641E+00
 -0.250000E+00  0.862911E-01
 -0.240000E+00  0.751508E+00
 -0.230000E+00  0.137475E+01
 -0.220000E+00  0.188130E+01
 -0.210000E+00  0.219883E+01
 -0.200000E+00  0.226654E+01
 -0.190000E+00  0.204548E+01
 -0.180000E+00  0.152879E+01
 -0.170000E+00  0.750387E+00
 -0.160000E+00 -0.209417E+00
 -0.150000E+00 -0.122414E+01
 -0.140000E+00 -0.212856E+01
 -0.130000E+00 -0.273680E+01
 -0.120000E+00 -0.287120E+01
 -0.110000E+00 -0.240347E+01
 -0.999999E-01 -0.130468E+01
 -0.900002E-01  0.301470E+00
 -0.799999E-01  0.209590E+01
 -0.700002E-01  0.355238E+01
 -0.599999E-01  0.399412E+01
 -0.500002E-01  0.277046E+01
 -0.400000E-01 -0.365555E+00
 -0.300002E-01 -0.456496E+01
 -0.200000E-01 -0.671847E+01
 -0.100002E-01  0.403025E+00
  0.000000E+00  0.310000E+02
  0.999975E-02  0.110480E+03
  0.200000E-01  0.281640E+03
  0.299997E-01  0.613404E+03
  0.400000E-01  0.121321E+04
  0.499997E-01  0.224383E+04
  0.599999E-01  0.394685E+04
  0.699997E-01  0.667342E+04
  0.799999E-01  0.109267E+05
  0.899997E-01  0.174162E+05
  0.999999E-01  0.271318E+05
  0.110000E+00  0.414357E+05
  0.120000E+00  0.621891E+05
  0.130000E+00  0.919049E+05
  0.140000E+00  0.133950E+06
  0.150000E+00  0.192809E+06
  0.160000E+00  0.274392E+06
  0.170000E+00  0.386468E+06
  0.180000E+00  0.539139E+06
  0.190000E+00  0.745532E+06
  0.200000E+00  0.102253E+07
  0.210000E+00  0.139182E+07
  0.220000E+00  0.188104E+07
  0.230000E+00  0.252539E+07
  0.240000E+00  0.336924E+07
  0.250000E+00  0.446870E+07
  0.260000E+00  0.589395E+07
  0.270000E+00  0.773301E+07
  0.280000E+00  0.100952E+08
  0.290000E+00  0.131167E+08
  0.300000E+00  0.169654E+08
  0.310000E+00  0.218494E+08
  0.320000E+00  0.280234E+08
  0.330000E+00  0.358013E+08
  0.340000E+00  0.455655E+08
  0.350000E+00  0.577842E+08
  0.360000E+00  0.730248E+08
  0.370000E+00  0.919793E+08
  0.380000E+00  0.115483E+09
  0.390000E+00  0.144543E+09
  0.400000E+00  0.180381E+09
  0.410000E+00  0.224457E+09
  0.420000E+00  0.278531E+09
  0.430000E+00  0.344704E+09
  0.440000E+00  0.425499E+09
  0.450000E+00  0.523908E+09
  0.460000E+00  0.643517E+09
  0.470000E+00  0.788567E+09
  0.480000E+00  0.964112E+09
  0.490000E+00  0.117611E+10
  0.500000E+00  0.143166E+10
  0.510000E+00  0.173906E+10
  0.520000E+00  0.210819E+10
  0.530000E+00  0.255060E+10
  0.540000E+00  0.307993E+10
  0.550000E+00  0.371210E+10
  0.560000E+00  0.446589E+10
  0.570000E+00  0.536313E+10
  0.580000E+00  0.642950E+10
  0.590000E+00  0.769477E+10
  0.600000E+00  0.919388E+10
  0.610000E+00  0.109672E+11
  0.620000E+00  0.130620E+11
  0.630000E+00  0.155329E+11
  0.640000E+00  0.184434E+11
  0.650000E+00  0.218671E+11
  0.660000E+00  0.258887E+11
  0.670000E+00  0.306069E+11
  0.680000E+00  0.361347E+11
  0.690000E+00  0.426036E+11
  0.700000E+00  0.501636E+11
  0.710000E+00  0.589890E+11
  0.720000E+00  0.692783E+11
  0.730000E+00  0.812616E+11
  0.740000E+00  0.952003E+11
  0.750000E+00  0.111397E+12
  0.760000E+00  0.130195E+12
  0.770000E+00  0.151991E+12
  0.780000E+00  0.177234E+12
  0.790000E+00  0.206440E+12
  0.800000E+00  0.240195E+12
  0.810000E+00  0.279171E+12
  0.820000E+00  0.324128E+12
  0.830000E+00  0.375937E+12
  0.840000E+00  0.435581E+12
  0.850000E+00  0.504186E+12
  0.860000E+00  0.583019E+12
  0.870000E+00  0.673529E+12
  0.880000E+00  0.777345E+12
  0.890000E+00  0.896330E+12
  0.900000E+00  0.103257E+13
  0.910000E+00  0.118844E+13
  0.920000E+00  0.136663E+13
  0.930000E+00  0.157014E+13
  0.940000E+00  0.180240E+13
  0.950000E+00  0.206725E+13
  0.960000E+00  0.236905E+13
  0.970000E+00  0.271264E+13
  0.980000E+00  0.310355E+13
  0.990000E+00  0.354792E+13
  0.100000E+01  0.405274E+13
  0.101000E+01  0.462575E+13
  0.102000E+01  0.527575E+13
  0.103000E+01  0.601249E+13
  0.104000E+01  0.684703E+13
  0.105000E+01  0.779162E+13
  0.106000E+01  0.886014E+13
  0.107000E+01  0.100679E+14
  0.108000E+01  0.114323E+14
  0.109000E+01  0.129724E+14
  0.110000E+01  0.147099E+14
  0.111000E+01  0.166688E+14
  0.112000E+01  0.188759E+14
  0.113000E+01  0.213610E+14
  0.114000E+01  0.241577E+14
  0.115000E+01  0.273028E+14
  0.116000E+01  0.308375E+14
  0.117000E+01  0.348081E+14
  0.118000E+01  0.392653E+14
  0.119000E+01  0.442662E+14
  0.120000E+01  0.498736E+14
  0.121000E+01  0.561579E+14
  0.122000E+01  0.631962E+14
  0.123000E+01  0.710754E+14
  0.124000E+01  0.798902E+14
  0.125000E+01  0.897474E+14
  0.126000E+01  0.100763E+15
  0.127000E+01  0.113069E+15
  0.128000E+01  0.126806E+15
  0.129000E+01  0.142135E+15
  0.130000E+01  0.159231E+15
  0.131000E+01  0.178289E+15
  0.132000E+01  0.199521E+15
  0.133000E+01  0.223166E+15
  0.134000E+01  0.249482E+15
  0.135000E+01  0.278761E+15
  0.136000E+01  0.311317E+15
  0.137000E+01  0.347504E+15
  0.138000E+01  0.387702E+15
  0.139000E+01  0.432340E+15
  0.140000E+01  0.481882E+15
  0.141000E+01  0.536846E+15
  0.142000E+01  0.597795E+15
  0.143000E+01  0.665348E+15
  0.144000E+01  0.740194E+15
  0.145000E+01  0.823076E+15
  0.146000E+01  0.914825E+15
  0.147000E+01  0.101634E+16
  0.148000E+01  0.112862E+16
  0.149000E+01  0.125274E+16
  0.150000E+01  0.138991E+16
  0.151000E+01  0.154142E+16
  0.152000E+01  0.170872E+16
  0.153000E+01  0.189337E+16
  0.154000E+01  0.209710E+16
  0.155000E+01  0.232176E+16
  0.156000E+01  0.256944E+16
  0.157000E+01  0.284237E+16
  0.158000E+01  0.314302E+16
  0.159000E+01  0.347406E+16
  0.160000E+01  0.383845E+16
  0.161000E+01  0.423938E+16
  0.162000E+01  0.468037E+16
  0.163000E+01  0.516520E+16
  0.164000E+01  0.569809E+16
  0.165000E+01  0.628354E+16
  0.166000E+01  0.692655E+16
  0.167000E+01  0.763251E+16
  0.168000E+01  0.840726E+16
  0.169000E+01  0.925730E+16
  0.170000E+01  0.101895E+17
  0.171000E+01  0.112116E+17
  0.172000E+01  0.123317E+17
  0.173000E+01  0.135590E+17
  0.174000E+01  0.149031E+17
  0.175000E+01  0.163749E+17
  0.176000E+01  0.179856E+17
  0.177000E+01  0.197481E+17
  0.178000E+01  0.216758E+17
  0.179000E+01  0.237837E+17
  0.180000E+01  0.260878E+17
  0.181000E+01  0.286058E+17
  0.182000E+01  0.313563E+17
  0.183000E+01  0.343601E+17
  0.184000E+01  0.376393E+17
  0.185000E+01  0.412185E+17
  0.186000E+01  0.451234E+17
  0.187000E+01  0.493827E+17
  0.188000E+01  0.540270E+17
  0.189000E+01  0.590898E+17
  0.190000E+01  0.646068E+17
  0.191000E+01  0.706175E+17
  0.192000E+01  0.771640E+17
  0.193000E+01  0.842915E+17
  0.194000E+01  0.920501E+17
  0.195000E+01  0.100493E+18
  0.196000E+01  0.109677E+18
  0.197000E+01  0.119666E+18
  0.198000E+01  0.130527E+18
  0.199000E+01  0.142332E+18
  0.200000E+01  0.155161E+18
  0.201000E+01  0.169098E+18
  0.202000E+01  0.184235E+18
  0.203000E+01  0.200670E+18
  0.204000E+01  0.218511E+18
  0.205000E+01  0.237872E+18
  0.206000E+01  0.258878E+18
  0.207000E+01  0.281661E+18
  0.208000E+01  0.306368E+18
  0.209000E+01  0.333151E+18
  0.210000E+01  0.362181E+18
  0.211000E+01  0.393635E+18
  0.212000E+01  0.427710E+18
  0.213000E+01  0.464611E+18
  0.214000E+01  0.504567E+18
  0.215000E+01  0.547816E+18
  0.216000E+01  0.594623E+18
  0.217000E+01  0.645266E+18
  0.218000E+01  0.700042E+18
  0.219000E+01  0.759281E+18
  0.220000E+01  0.823326E+18
  0.221000E+01  0.892556E+18
  0.222000E+01  0.967366E+18
  0.223000E+01  0.104819E+19
  0.224000E+01  0.113550E+19
  0.225000E+01  0.122978E+19
  0.226000E+01  0.133157E+19
  0.227000E+01  0.144145E+19
  0.228000E+01  0.156003E+19
  0.229000E+01  0.168796E+19
  0.230000E+01  0.182596E+19
  0.231000E+01  0.197479E+19
  0.232000E+01  0.213526E+19
  0.233000E+01  0.230824E+19
  0.234000E+01  0.249467E+19
  0.235000E+01  0.269556E+19
  0.236000E+01  0.291196E+19
  0.237000E+01  0.314504E+19
  0.238000E+01  0.339602E+19
  0.239000E+01  0.366624E+19
  0.240000E+01  0.395708E+19
  0.241000E+01  0.427009E+19
  0.242000E+01  0.460684E+19
  0.243000E+01  0.496911E+19
  0.244000E+01  0.535872E+19
  0.245000E+01  0.577764E+19
  0.246000E+01  0.622803E+19
  0.247000E+01  0.671209E+19
  0.248000E+01  0.723231E+19
  0.249000E+01  0.779121E+19
  0.250000E+01  0.839160E+19
  0.251000E+01  0.903640E+19
  0.252000E+01  0.972880E+19
  0.253000E+01  0.104721E+20
  0.254000E+01  0.112700E+20
  0.255000E+01  0.121262E+20
  0.256000E+01  0.130449E+20
  0.257000E+01  0.140305E+20
  0.258000E+01  0.150876E+20
  0.259000E+01  0.162211E+20
  0.260000E+01  0.174365E+20
  0.261000E+01  0.187393E+20
  0.262000E+01  0.201356E+20
  0.263000E+01  0.216318E+20
  0.264000E+01  0.232349E+20
  0.265000E+01  0.249520E+20
  0.266000E+01  0.267912E+20
  0.267000E+01  0.287604E+20
  0.268000E+01  0.308688E+20
  0.269000E+01  0.331256E+20
  0.270000E+01  0.355409E+20
  0.271000E+01  0.381255E+20
  0.272000E+01  0.408905E+20
  0.273000E+01  0.438483E+20
  0.274000E+01  0.470116E+20
  0.275000E+01  0.503942E+20
  0.276000E+01  0.540106E+20
  0.277000E+01  0.578765E+20
  0.278000E+01  0.620081E+20
  0.279000E+01  0.664233E+20
  0.280000E+01  0.711404E+20
  0.281000E+01  0.761797E+20
  0.282000E+01  0.815617E+20
  0.283000E+01  0.873094E+20
  0.284000E+01  0.934461E+20
  0.285000E+01  0.999976E+20
  0.286000E+01  0.106990E+21
  0.287000E+01  0.114453E+21
  0.288000E+01  0.122416E+21
  0.289000E+01  0.130912E+21
  0.290000E+01  0.139974E+21
  0.291000E+01  0.149639E+21
  0.292000E+01  0.159946E+21
  0.293000E+01  0.170935E+21
  0.294000E+01  0.182651E+21
  0.295000E+01  0.195137E+21
  0.296000E+01  0.208445E+21
  0.297000E+01  0.222624E+21
  0.298000E+01  0.237731E+21
  0.299000E+01  0.253823E+21
  0.300000E+01  0.270963E+21
  0.301000E+01  0.289216E+21
  0.302000E+01  0.308649E+21
  0.303000E+01  0.329340E+21
  0.304000E+01  0.351364E+21
  0.305000E+01  0.374804E+21
  0.306000E+01  0.399745E+21
  0.307000E+01  0.426285E+21
  0.308000E+01  0.454518E+21
  0.309000E+01  0.484550E+21
  0.310000E+01  0.516487E+21
  0.311000E+01  0.550451E+21
  0.312000E+01  0.586563E+21
  0.313000E+01  0.624953E+21
  0.314000E+01  0.665756E+21
  0.315000E+01  0.709124E+21
  0.316000E+01  0.755209E+21
  0.317000E+01  0.804175E+21
  0.318000E+01  0.856188E+21
  0.319000E+01  0.911443E+21
  0.320000E+01  0.970127E+21
  0.321000E+01  0.103244E+22
  0.322000E+01  0.109861E+22
  0.323000E+01  0.116885E+22
  0.324000E+01  0.124342E+22
  0.325000E+01  0.132256E+22
  0.326000E+01  0.140655E+22
  0.327000E+01  0.149565E+22
  0.328000E+01  0.159020E+22
  0.329000E+01  0.169050E+22
  0.330000E+01  0.179688E+22
  0.331000E+01  0.190969E+22
  0.332000E+01  0.202932E+22
  0.333000E+01  0.215617E+22
  0.334000E+01  0.229064E+22
  0.335000E+01  0.243316E+22
  0.336000E+01  0.258424E+22
  0.337000E+01  0.274433E+22
  0.338000E+01  0.291397E+22
  0.339000E+01  0.309367E+22
  0.340000E+01  0.328406E+22
  0.341000E+01  0.348572E+22
  0.342000E+01  0.369929E+22
  0.343000E+01  0.392543E+22
  0.344000E+01  0.416490E+22
  0.345000E+01  0.441842E+22
  0.346000E+01  0.468679E+22
  0.347000E+01  0.497084E+22
  0.348000E+01  0.527143E+22
  0.349000E+01  0.558954E+22
  0.350000E+01  0.592612E+22
  0.351000E+01  0.628221E+22
  0.352000E+01  0.665884E+22
  0.353000E+01  0.705724E+22
  0.354000E+01  0.747858E+22
  0.355000E+01  0.792413E+22
  0.356000E+01  0.839517E+22
  0.357000E+01  0.889322E+22
  0.358000E+01  0.941969E+22
  0.359000E+01  0.997615E+22
  0.360000E+01  0.105642E+23
  0.361000E+01  0.111857E+23
  0.362000E+01  0.118423E+23
  0.363000E+01  0.125361E+23
  0.364000E+01  0.132688E+23
  0.365000E+01  0.140429E+23
  0.366000E+01  0.148605E+23
  0.367000E+01  0.157239E+23
  0.368000E+01  0.166354E+23
  0.369000E+01  0.175979E+23
  0.370000E+01  0.186140E+23
  0.371000E+01  0.196866E+23
  0.372000E+01  0.208187E+23
  0.373000E+01  0.220133E+23
  0.374000E+01  0.232740E+23
  0.375000E+01  0.246043E+23
  0.376000E+01  0.260077E+23
  0.377000E+01  0.274880E+23
  0.378000E+01  0.290496E+23
  0.379000E+01  0.306965E+23
  0.380000E+01  0.324334E+23
  0.381000E+01  0.342647E+23
  0.382000E+01  0.361957E+23
  0.383000E+01  0.382315E+23
  0.384000E+01  0.403775E+23
  0.385000E+01  0.426392E+23
  0.386000E+01  0.450231E+23
  0.387000E+01  0.475354E+23
  0.388000E+01  0.501826E+23
  0.389000E+01  0.529714E+23
  0.390000E+01  0.559098E+23
  0.391000E+01  0.590051E+23
  0.392000E+01  0.622654E+23
  0.393000E+01  0.656987E+23
  0.394000E+01  0.693147E+23
  0.395000E+01  0.731223E+23
  0.396000E+01  0.771313E+23
  0.397000E+01  0.813520E+23
  0.398000E+01  0.857945E+23
  0.399000E+01  0.904712E+23
  0.400000E+01  0.953932E+23
  0.401000E+01  0.100573E+24
  0.402000E+01  0.106023E+24
  0.403000E+01  0.111759E+24
  0.404000E+01  0.117792E+24
  0.405000E+01  0.124140E+24
  0.406000E+01  0.130816E+24
  0.407000E+01  0.137839E+24
  0.408000E+01  0.145225E+24
  0.409000E+01  0.152992E+24
  0.410000E+01  0.161158E+24
  0.411000E+01  0.169744E+24
  0.412000E+01  0.178772E+24
  0.413000E+01  0.188261E+24
  0.414000E+01  0.198235E+24
  0.415000E+01  0.208718E+24
  0.416000E+01  0.219736E+24
  0.417000E+01  0.231313E+24
  0.418000E+01  0.243477E+24
  0.419000E+01  0.256258E+24
  0.420000E+01  0.269686E+24
  0.421000E+01  0.283790E+24
  0.422000E+01  0.298606E+24
  0.423000E+01  0.314164E+24
  0.424000E+01  0.330505E+24
  0.425000E+01  0.347665E+24
  0.426000E+01  0.365682E+24
  0.427000E+01  0.384598E+24
  0.428000E+01  0.404457E+24
  0.429000E+01  0.425304E+24
  0.430000E+01  0.447186E+24
  0.431000E+01  0.470151E+24
  0.432000E+01  0.494253E+24
  0.433000E+01  0.519546E+24
  0.434000E+01  0.546085E+24
  0.435000E+01  0.573927E+24
  0.436000E+01  0.603140E+24
  0.437000E+01  0.633785E+24
  0.438000E+01  0.665930E+24
  0.439000E+01  0.699641E+24
  0.440000E+01  0.735001E+24
  0.441000E+01  0.772081E+24
  0.442000E+01  0.810963E+24
  0.443000E+01  0.851728E+24
  0.444000E+01  0.894471E+24
  0.445000E+01  0.939281E+24
  0.446000E+01  0.986252E+24
  0.447000E+01  0.103548E+25
  0.448000E+01  0.108708E+25
  0.449000E+01  0.114116E+25
  0.450000E+01  0.119783E+25
  0.451000E+01  0.125722E+25
  0.452000E+01  0.131943E+25
  0.453000E+01  0.138461E+25
  0.454000E+01  0.145290E+25
  0.455000E+01  0.152443E+25
  0.456000E+01  0.159934E+25
  0.457000E+01  0.167782E+25
  0.458000E+01  0.176000E+25
  0.459000E+01  0.184605E+25
  0.460000E+01  0.193616E+25
  0.461000E+01  0.203051E+25
  0.462000E+01  0.212929E+25
  0.463000E+01  0.223270E+25
  0.464000E+01  0.234093E+25
  0.465000E+01  0.245424E+25
  0.466000E+01  0.257283E+25
  0.467000E+01  0.269693E+25
  0.468000E+01  0.282680E+25
  0.469000E+01  0.296270E+25
  0.470000E+01  0.310490E+25
  0.471000E+01  0.325367E+25
  0.472000E+01  0.340930E+25
  0.473000E+01  0.357212E+25
  0.474000E+01  0.374242E+25
  0.475000E+01  0.392055E+25
  0.476000E+01  0.410686E+25
  0.477000E+01  0.430167E+25
  0.478000E+01  0.450540E+25
  0.479000E+01  0.471844E+25
  0.480000E+01  0.494118E+25
  0.481000E+01  0.517403E+25
  0.482000E+01  0.541748E+25
  0.483000E+01  0.567196E+25
  0.484000E+01  0.593797E+25
  0.485000E+01  0.621597E+25
  0.486000E+01  0.650654E+25
  0.487000E+01  0.681020E+25
  0.488000E+01  0.712751E+25
  0.489000E+01  0.745905E+25
  0.490000E+01  0.780547E+25
  0.491000E+01  0.816740E+25
  0.492000E+01  0.854550E+25
  0.493000E+01  0.894044E+25
  0.494000E+01  0.935300E+25
  0.495000E+01  0.978391E+25
  0.496000E+01  0.102339E+26
  0.497000E+01  0.107039E+26
  0.498000E+01  0.111947E+26
  0.499000E+01  0.117072E+26
  0.500000E+01  0.122422E+26
