   0.00000E+00   0.00000E+00   0.00000E+00
   0.10000E+00   0.49921E-01  -0.62079E-07
   0.20000E+00   0.99396E-01  -0.11680E-06
   0.30000E+00   0.14806E+00  -0.16504E-06
   0.40000E+00   0.19562E+00  -0.20756E-06
   0.50000E+00   0.24184E+00  -0.24505E-06
   0.60000E+00   0.28654E+00  -0.27811E-06
   0.70000E+00   0.32961E+00  -0.30729E-06
   0.80000E+00   0.37094E+00  -0.33305E-06
   0.90000E+00   0.41047E+00  -0.35581E-06
   0.10000E+01   0.44818E+00  -0.37594E-06
   0.11000E+01   0.48405E+00  -0.39377E-06
   0.12000E+01   0.51809E+00  -0.40959E-06
   0.13000E+01   0.55032E+00  -0.42366E-06
   0.14000E+01   0.58078E+00  -0.43618E-06
   0.15000E+01   0.60952E+00  -0.44737E-06
   0.16000E+01   0.63659E+00  -0.45740E-06
   0.17000E+01   0.66204E+00  -0.46642E-06
   0.18000E+01   0.68593E+00  -0.47456E-06
   0.19000E+01   0.70834E+00  -0.48194E-06
   0.20000E+01   0.72933E+00  -0.48867E-06
   0.21000E+01   0.74896E+00  -0.49484E-06
   0.22000E+01   0.76731E+00  -0.50051E-06
   0.23000E+01   0.78444E+00  -0.50578E-06
   0.24000E+01   0.80042E+00  -0.51068E-06
   0.25000E+01   0.81531E+00  -0.51529E-06
   0.26000E+01   0.82917E+00  -0.51964E-06
   0.27000E+01   0.84207E+00  -0.52377E-06
   0.28000E+01   0.85406E+00  -0.52772E-06
   0.29000E+01   0.86519E+00  -0.53151E-06
   0.30000E+01   0.87553E+00  -0.53518E-06
   0.31000E+01   0.88512E+00  -0.53875E-06
   0.32000E+01   0.89402E+00  -0.54223E-06
   0.33000E+01   0.90226E+00  -0.54564E-06
   0.34000E+01   0.90989E+00  -0.54900E-06
   0.35000E+01   0.91696E+00  -0.55232E-06
   0.36000E+01   0.92349E+00  -0.55561E-06
   0.37000E+01   0.92954E+00  -0.55887E-06
   0.38000E+01   0.93512E+00  -0.56212E-06
   0.39000E+01   0.94029E+00  -0.56536E-06
   0.40000E+01   0.94505E+00  -0.56859E-06
   0.41000E+01   0.94945E+00  -0.57183E-06
   0.42000E+01   0.95351E+00  -0.57507E-06
   0.43000E+01   0.95726E+00  -0.57831E-06
   0.44000E+01   0.96071E+00  -0.58156E-06
   0.45000E+01   0.96390E+00  -0.58483E-06
   0.46000E+01   0.96683E+00  -0.58810E-06
   0.47000E+01   0.96953E+00  -0.59139E-06
   0.48000E+01   0.97202E+00  -0.59469E-06
   0.49000E+01   0.97431E+00  -0.59800E-06
   0.50000E+01   0.97642E+00  -0.60133E-06
   0.51000E+01   0.97836E+00  -0.60467E-06
   0.52000E+01   0.98014E+00  -0.60803E-06
   0.53000E+01   0.98178E+00  -0.61140E-06
   0.54000E+01   0.98329E+00  -0.61478E-06
   0.55000E+01   0.98467E+00  -0.61818E-06
   0.56000E+01   0.98595E+00  -0.62159E-06
   0.57000E+01   0.98712E+00  -0.62501E-06
   0.58000E+01   0.98819E+00  -0.62844E-06
   0.59000E+01   0.98918E+00  -0.63189E-06
   0.60000E+01   0.99008E+00  -0.63534E-06
   0.61000E+01   0.99092E+00  -0.63881E-06
   0.62000E+01   0.99168E+00  -0.64228E-06
   0.63000E+01   0.99238E+00  -0.64577E-06
   0.64000E+01   0.99302E+00  -0.64926E-06
   0.65000E+01   0.99361E+00  -0.65276E-06
   0.66000E+01   0.99415E+00  -0.65627E-06
   0.67000E+01   0.99464E+00  -0.65979E-06
   0.68000E+01   0.99510E+00  -0.66332E-06
   0.69000E+01   0.99551E+00  -0.66685E-06
   0.70000E+01   0.99590E+00  -0.67038E-06
   0.71000E+01   0.99625E+00  -0.67393E-06
   0.72000E+01   0.99657E+00  -0.67747E-06
   0.73000E+01   0.99686E+00  -0.68103E-06
   0.74000E+01   0.99713E+00  -0.68458E-06
   0.75000E+01   0.99737E+00  -0.68814E-06
   0.76000E+01   0.99760E+00  -0.69171E-06
   0.77000E+01   0.99780E+00  -0.69528E-06
   0.78000E+01   0.99799E+00  -0.69885E-06
   0.79000E+01   0.99816E+00  -0.70243E-06
   0.80000E+01   0.99832E+00  -0.70601E-06
   0.81000E+01   0.99847E+00  -0.70959E-06
   0.82000E+01   0.99860E+00  -0.71318E-06
   0.83000E+01   0.99872E+00  -0.71676E-06
   0.84000E+01   0.99883E+00  -0.72035E-06
   0.85000E+01   0.99893E+00  -0.72394E-06
   0.86000E+01   0.99902E+00  -0.72754E-06
   0.87000E+01   0.99911E+00  -0.73113E-06
   0.88000E+01   0.99919E+00  -0.73473E-06
   0.89000E+01   0.99926E+00  -0.73833E-06
   0.90000E+01   0.99932E+00  -0.74193E-06
   0.91000E+01   0.99938E+00  -0.74553E-06
   0.92000E+01   0.99943E+00  -0.74913E-06
   0.93000E+01   0.99948E+00  -0.75273E-06
   0.94000E+01   0.99953E+00  -0.75634E-06
   0.95000E+01   0.99957E+00  -0.75994E-06
   0.96000E+01   0.99961E+00  -0.76355E-06
   0.97000E+01   0.99964E+00  -0.76715E-06
   0.98000E+01   0.99967E+00  -0.77076E-06
   0.99000E+01   0.99970E+00  -0.77437E-06
   0.10000E+02   0.99973E+00  -0.77798E-06
   0.10100E+02   0.99975E+00  -0.78159E-06
   0.10200E+02   0.99977E+00  -0.78520E-06
   0.10300E+02   0.99979E+00  -0.78881E-06
   0.10400E+02   0.99981E+00  -0.79242E-06
   0.10500E+02   0.99983E+00  -0.79603E-06
   0.10600E+02   0.99984E+00  -0.79964E-06
   0.10700E+02   0.99986E+00  -0.80325E-06
   0.10800E+02   0.99987E+00  -0.80687E-06
   0.10900E+02   0.99988E+00  -0.81048E-06
   0.11000E+02   0.99989E+00  -0.81409E-06
   0.11100E+02   0.99990E+00  -0.81770E-06
   0.11200E+02   0.99991E+00  -0.82132E-06
   0.11300E+02   0.99992E+00  -0.82493E-06
   0.11400E+02   0.99992E+00  -0.82854E-06
   0.11500E+02   0.99993E+00  -0.83216E-06
   0.11600E+02   0.99994E+00  -0.83577E-06
   0.11700E+02   0.99994E+00  -0.83939E-06
   0.11800E+02   0.99995E+00  -0.84300E-06
   0.11900E+02   0.99995E+00  -0.84661E-06
   0.12000E+02   0.99996E+00  -0.85023E-06
   0.12100E+02   0.99996E+00  -0.85384E-06
   0.12200E+02   0.99996E+00  -0.85746E-06
   0.12300E+02   0.99997E+00  -0.86107E-06
   0.12400E+02   0.99997E+00  -0.86469E-06
   0.12500E+02   0.99997E+00  -0.86830E-06
   0.12600E+02   0.99997E+00  -0.87192E-06
   0.12700E+02   0.99998E+00  -0.87553E-06
   0.12800E+02   0.99998E+00  -0.87915E-06
   0.12900E+02   0.99998E+00  -0.88276E-06
   0.13000E+02   0.99998E+00  -0.88638E-06
   0.13100E+02   0.99998E+00  -0.88999E-06
   0.13200E+02   0.99999E+00  -0.89361E-06
   0.13300E+02   0.99999E+00  -0.89722E-06
   0.13400E+02   0.99999E+00  -0.90084E-06
   0.13500E+02   0.99999E+00  -0.90445E-06
   0.13600E+02   0.99999E+00  -0.90807E-06
   0.13700E+02   0.99999E+00  -0.91169E-06
   0.13800E+02   0.99999E+00  -0.91530E-06
   0.13900E+02   0.99999E+00  -0.91892E-06
   0.14000E+02   0.99999E+00  -0.92253E-06
   0.14100E+02   0.99999E+00  -0.92615E-06
   0.14200E+02   0.99999E+00  -0.92976E-06
   0.14300E+02   0.99999E+00  -0.93338E-06
   0.14400E+02   0.99999E+00  -0.93699E-06
   0.14500E+02   0.99999E+00  -0.94061E-06
   0.14600E+02   0.10000E+01  -0.94422E-06
   0.14700E+02   0.10000E+01  -0.94784E-06
   0.14800E+02   0.10000E+01  -0.95146E-06
   0.14900E+02   0.10000E+01  -0.95507E-06
   0.15000E+02   0.10000E+01  -0.95869E-06
   0.15100E+02   0.10000E+01  -0.96230E-06
   0.15200E+02   0.10000E+01  -0.96592E-06
   0.15300E+02   0.10000E+01  -0.96953E-06
   0.15400E+02   0.10000E+01  -0.97315E-06
   0.15500E+02   0.10000E+01  -0.97677E-06
   0.15600E+02   0.10000E+01  -0.98038E-06
   0.15700E+02   0.10000E+01  -0.98400E-06
   0.15800E+02   0.10000E+01  -0.98761E-06
   0.15900E+02   0.10000E+01  -0.99123E-06
   0.16000E+02   0.10000E+01  -0.99484E-06
   0.16100E+02   0.10000E+01  -0.99846E-06
   0.16200E+02   0.10000E+01  -0.10021E-05
   0.16300E+02   0.10000E+01  -0.10057E-05
   0.16400E+02   0.10000E+01  -0.10093E-05
   0.16500E+02   0.10000E+01  -0.10129E-05
   0.16600E+02   0.10000E+01  -0.10165E-05
   0.16700E+02   0.10000E+01  -0.10202E-05
   0.16800E+02   0.10000E+01  -0.10238E-05
   0.16900E+02   0.10000E+01  -0.10274E-05
   0.17000E+02   0.10000E+01  -0.10310E-05
   0.17100E+02   0.10000E+01  -0.10346E-05
   0.17200E+02   0.10000E+01  -0.10382E-05
   0.17300E+02   0.10000E+01  -0.10418E-05
   0.17400E+02   0.10000E+01  -0.10455E-05
   0.17500E+02   0.10000E+01  -0.10491E-05
   0.17600E+02   0.10000E+01  -0.10527E-05
   0.17700E+02   0.10000E+01  -0.10563E-05
   0.17800E+02   0.10000E+01  -0.10599E-05
   0.17900E+02   0.10000E+01  -0.10635E-05
   0.18000E+02   0.10000E+01  -0.10672E-05
   0.18100E+02   0.10000E+01  -0.10708E-05
   0.18200E+02   0.10000E+01  -0.10744E-05
   0.18300E+02   0.10000E+01  -0.10780E-05
   0.18400E+02   0.10000E+01  -0.10816E-05
   0.18500E+02   0.10000E+01  -0.10852E-05
   0.18600E+02   0.10000E+01  -0.10889E-05
   0.18700E+02   0.10000E+01  -0.10925E-05
   0.18800E+02   0.10000E+01  -0.10961E-05
   0.18900E+02   0.10000E+01  -0.10997E-05
   0.19000E+02   0.10000E+01  -0.11033E-05
   0.19100E+02   0.10000E+01  -0.11069E-05
   0.19200E+02   0.10000E+01  -0.11105E-05
   0.19300E+02   0.10000E+01  -0.11142E-05
   0.19400E+02   0.10000E+01  -0.11178E-05
   0.19500E+02   0.10000E+01  -0.11214E-05
   0.19600E+02   0.10000E+01  -0.11250E-05
   0.19700E+02   0.10000E+01  -0.11286E-05
   0.19800E+02   0.10000E+01  -0.11322E-05
   0.19900E+02   0.10000E+01  -0.11359E-05
   0.20000E+02   0.10000E+01  -0.11395E-05
